-24644
-8754
25698
-133854
-179351
-80510
-122326
-23793
48370
43712
-9879
2995
-174334
-14394
-51017
178574
129806
-85157
-135021
170099
-146605
88786
-183751
-55484
117414
61894
-125214
51212
27372
-26700
-63029
-162800
136792
-122198
145731
-61746
-128033
19883
28216
-195752
177012
41991
35162
-54635
174023
-132751
-61273
-3724
-186810
174820
-193853
184127
73607
113708
187238
-194759
-145775
87244
-16910
-35349
100782
-35792
16378
145244
104213
-92343
-19780
178816
-60806
-162894
16904
-113461
58109
147756
-11641
-197632
-166336
76891
99535
-2940
129212
57868
159699
149108
82311
-146184
-123176
-89090
-53897
184820
-19657
13336
129101
180308
-9837
-69533
-73022
94058
-79288
-182556
180126
-145514
1671
-62623
-126912
34036
117850
-31031
-122797
-58774
111061
166845
-146372
-145245
66826
-157981
50948
-85879
-115134
20198
111307
30861
58574
128665
-82973
177600
18446
-96180
-10904
-135768
-139972
-176665
-134178
187492
-182008
181783
122055
-44566
-138052
158056
-80490
61564
9192
-160892
-151881
-8850
-175009
135061
-122578
-18221
14719
143217
12900
-112347
-180479
100979
115983
-149855
-13820
83555
-150901
-60462
49029
90591
169847
87687
5123
-9156
164722
144275
24956
61659
-70578
-23898
-88239
126675
-48394
-158627
136414
-144013
123014
40366
29672
-177259
82189
32815
85009
197129
-59859
159176
87223
-23009
131256
99210
-45627
85265
107590
-113723
37639
89264
-42754
154486
-119395
-77759
-113057
-77431
-771
-31712
-66731
-7015
-134862
-51080
187390
-28331
-124410
74004
-41388
-199763
150618
-52182
-156912
39117
30300
53753
-10826
-116138
-89907
25274
-177686
85205
12668
146205
-6317
140359
102944
74090
72175
-161271
-173090
83808
-130164
196858
-70630
44009
-78514
-86454
17797
-21691
81881
-162824
-189580
-160502
111729
10677
150713
103503
43092
147321
115964
-83411
25237
140821
93614
-35865
5256
-40617
-12717
74779
-62860
-54014
199403
147822
186754
-112354
-112813
-99044
80346
-108276
196156
-195818
-163848
-170923
72736
-193872
11487
-191955
146479
-15195
112317
-184819
-129194
-109105
-171078
-89656
198568
-83123
174929
-142041
-148061
-170870
-46764
189558
40967
-194669
90220
-17158
105602
30789
-168450
-162871
7773
104097
4642
102532
-110480
-110808
-816
182730
-148123
68165
-198110
-161690
189114
-149892
-76542
83411
143108
181818
-159620
-125679
11559
-148131
-22317
-26395
-156201
55452
178355
197391
179611
-28519
-73537
76777
95986
-38595
148738
-134976
17095
-93565
-78487
-189085
64756
161443
-52973
-153569
97723
-13630
-27331
36434
-11143
178253
159110
91728
-20012
96452
3235
188215
-13523
-82763
19738
-192688
59719
-37188
-113254
184707
177582
130197
-13672
-191602
148213
-128836
53275
-126116
-89021
-196145
109916
42967
-75626
67302
150443
162393
-39020
-142285
21107
133305
-142301
18572
190784
51469
164975
192373
-40850
14786
-73421
-60271
91111
190778
79095
-103304
180309
30718
-1524
22761
18155
-110785
-165905
159375
36773
-91788
47415
-175642
-53459
-179301
143453
-154121
-37800
188276
-176937
-45421
156367
-79777
119958
-2341
-98362
183772
-151271
-53911
-21460
-188207
-93174
-136615
161525
82336
-192838
-188160
-171204
-95964
110008
131464
197985
39409
59702
113822
-133697
45889
-126202
-128345
87708
75500
150568
137235
-97247
-99887
173452
130226
-29547
-158717
-20695
-15925
-54035
24579
-144495
193304
-39034
11350
198679
-66294
-69624
175443
-29699
-138776
140009
-162162
-64041
-153916
-146102
-156829
13878
-2249
83551
-177414
-168824
187114
-147431
728
-187462
-102135
196943
-83214
-82966
121856
-176296
2312
-125000
-130784
93622
134796
181160
100385
-181161
-15240
68134
73338
73465
188998
-199375
-177724
-126717
78668
-140272
47761
2912
140736
-155563
187207
124053
154322
172530
-23248
181745
-18968
64854
-45618
121209
190128
100560
-179385
143620
-161108
-9889
140472
84975
-152171
139111
34330
132918
-195160
68219
83301
-197112
157134
197298
38495
170542
102675
100863
-136229
-141820
170156
183125
-198334
-40328
-106499
-57219
-97411
-70613
6475
-9352
131971
82716
-116385
129788
49182
-169325
53561
77661
175844
-175666
124137
-55864
110826
120338
-158829
-65767
64650
-80184
-178706
-25356
-149450
59430
-133613
159990
-107353
-6984
63460
-64603
82619
163565
-169251
89447
-103050
-61344
85275
179449
15097
-83346
30662
-88301
-30476
26280
-167658
-92126
-103383
-193223
146485
-82497
-135436
-49804
-31998
-68884
153754
5276
27705
-115632
160789
-148862
168728
112106
107406
-52796
88251
121819
198941
-38280
20091
-51381
-81635
81776
-31213
-12525
34483
-156354
101169
-26792
155030
-175271
53285
-1041
-43083
174835
158214
-138519
-196365
139678
5569
-45
-107736
-22413
33761
120509
42078
146177
124047
161685
-131546
84925
75839
88718
177959
81548
-119109
187343
29571
-11839
39791
-9827
-58329
-5292
73385
170947
167636
-40643
161771
1380
74879
20518
175938
120221
-155570
75824
-86221
-81333
133292
-174998
-109520
-164341
-80491
27347
-147901
-151544
-177876
-31374
-11227
150819
17606
73907
46776
180906
182392
-117602
57505
48634
120559
-93627
-162237
-86541
145460
31109
31062
110763
-71740
63750
177157
-160785
36999
197814
191504
97203
147058
-144146
13095
-176601
-177582
47137
-91926
34245
-180043
-103687
79115
-19698
-86669
17853
160442
-142018
37956
-22152
119640
-117993
-148070
93680
105989
-133883
-44666
-161696
-157153
-185730
47855
-23424
161833
136075
-180654
-36343
110512
197570
-165257
-126466
-78219
-39740
-171769
-189401
34877
-127094
-196086
-87215
-167220
-43992
192427
42297
-180824
199769
-123174
133788
171359
26522
11259
-101422
156249
58816
-104649
142020
102674
-115655
-116966
164531
36666
83469
199330
-76248
148892
-112190
52453
-99745
187948
32240
32768
-46085
-109566
-37128
115034
16896
-163378
69717
-190880
-81151
-160979
-149295
-11941
61274
18284
97951
-120391
-128716
170687
120647
66096
135434
30408
8364
-137556
-109028
-113059
97210
-20398
114651
196831
-96335
33780
10699
-81542
101608
-188900
149539
2612
-10497
-168923
122152
-104177
-106242
83094
178428
53578
-60275
-128647
-34784
-57948
-119214
137700
188059
72704
-22902
-10218
-15124
-44150
-41100
-122382
-88373
-49713
60823
-94544
-37615
-88697
-172239
142048
-149732
-24469
-41659
140055
-161767
-57054
56474
122918
-121695
-25679
62211
196228
73247
131737
174386
75235
149791
-64368
-117298
-144659
-167514
-127804
-69418
-74811
-189905
-29680
-19906
-25730
89324
14693
44056
-73067
-195697
-71862
-50533
-148399
-185865
-14036
-63603
31785
168771
-189325
-93862
-129189
-106697
-94986
357
-123550
6247
42117
-175095
-40727
-32517
51225
192369
174694
-53594
100876
-65027
-33063
-105350
27726
-38750
162642
152289
126258
-189639
-44806
-117881
2410
103088
108552
-93283
-17357
186974
14032
-196315
35891
126057
-47300
12804
-188229
71307
168029
106240
161426
-66480
20357
115686
95873
21036
-98903
97443
26348
-10163
72307
92296
29647
43333
-90173
121517
-172361
167183
8731
-164370
154667
-89349
83151
-6318
152547
69128
-130541
-148315
128630
-191455
-56579
73569
187231
-112859
51214
-83825
-84902
95201
-199490
-158972
39436
-87588
23646
153916
-197470
-70754
-173876
18527
169474
-119299
-119632
16695
-277
1959
94212
-84756
-28372
138870
-40495
-99208
-90006
163699
-35719
68986
188662
171783
-177873
100378
176123
121276
-176475
-155647
6651
-94062
-90319
25280
-40460
139547
-71653
-189757
133525
-161577
87330
55437
64910
50406
-59060
65664
-106201
-167369
-14592
-181041
-45692
-189847
161780
16839
-16710
166116
-31641
-25753
-3885
123686
131323
-123707
160102
96885
98814
-28510
-109503
76199
-195708
-100828
-30820
-118664
156
-100744
-132865
-107000
52932
40218
-102063
174316
99885
-160170
9668
105786
156423
-97949
-113080
112327
-85603
182977
134048
-151668
-160522
-15981
161516
-162939
35319
-14617
-56196
110130
16304
76246
-91638
24278
72037
-25142
115042
-92695
-184071
36341
-141146
144690
-139624
7624
154857
-68442
138027
187178
-7565
61413
21961
74235
99377
182416
-99249
-24903
-135211
63132
-103169
93155
160885
-131787
-177258
68709
67056
-73178
81817
-128412
-17311
170381
-172202
123796
103312
46520
-12811
196663
-104393
93720
114869
-45425
-39252
-159505
-56610
154530
-148296
-160630
197240
-56199
-51290
-111621
-158227
119222
-45472
83671
41985
21714
43520
79416
25945
80946
66441
-100733
47259
153291
-108900
-25761
77300
-147443
185466
12941
-154558
-199637
178712
-139690
60908
193142
-96650
9912
161753
194371
-196536
173523
110697
131545
44067
-100395
17680
178131
-9069
95415
166300
40157
-142718
-164977
-146589
-51069
116156
-66140
14129
113036
-28145
-35476
-178630
-187915
-131732
103534
-186968
163119
-152790
147785
144747
-23905
66744
195493
-87477
165951
5780
-42266
-107541
-31355
6728
162132
-169644
-63934
124033
41
117999
181610
154324
-34405
-152037
29014
109634
417
-68167
185709
-54880
38709
34678
127253
-22763
188162
-157237
-122946
141077
52057
174441
-62399
-12938
-36916
176070
-93195
-15599
107502
153574
-67786
-140706
-187797
50889
-58979
143242
7579
191626
-102768
171491
-130288
-140904
-54880
15602
-151936
-82931
83107
-22627
20034
-107062
141920
96268
-48237
-12730
164852
-100406
-110929
-50965
-67882
-136019
172634
-165809
-147081
141666
-4202
-174059
98266
188898
30154
-99986
-169399
-39394
-60261
92202
174635
-50696
-117210
166337
-54910
12559
137755
100747
108200
-128922
181751
-98793
36667
108578
-70147
196779
-85046
113933
170364
-24928
120330
179673
18228
-195726
178947
-113036
150609
11596
-131192
196239
14396
131146
-120625
-195650
-110415
-114796
121307
184742
-84464
19595
-45058
122451
-109976
-199410
-136755
-70220
-88997
-113157
-58956
-133285
3907
-54458
-94550
-163076
110938
-44156
79301
68181
-196903
-161392
-69238
167089
-54423
-161237
34522
171985
-113510
143511
73611
-89256
153335
160855
-78245
53293
143947
-167852
46125
187731
-129849
107173
30717
-192668
-34641
69690
-71363
89075
-63949
91676
-40763
-135762
69857
-162667
-56875
-34369
12948
-157390
-119946
-121730
-175171
-140839
122455
-177153
179410
95865
112091
125988
78462
122855
43912
-104213
-20331
108497
-77324
-93571
195943
47169
21121
137487
-157137
-70768
99869
-162745
-116701
-102813
21167
100660
-60582
-58081
-113238
-163091
-167176
-70634
148778
-176423
-26755
168450
-107852
-110098
77510
193500
-74853
41326
-166600
33594
-76030
131987
112757
60483
27701
-52637
-152905
-111769
-122954
-105873
-117125
53902
193875
47246
-60661
-109215
-58856
104656
-93278
71435
140099
167961
9513
76853
151646
-24556
88336
110800
77957
84630
166163
159543
-99189
-66671
-7830
-95001
128724
-60803
-32417
-89176
187982
74694
141063
-176341
105402
167379
41600
-94834
155842
147225
-101188
-108956
-46455
-101296
-178795
-147400
-150079
-182095
-70407
-165577
-98334
151459
93881
-90502
97970
66713
173981
-68449
-27083
21404
183968
114992
-36518
129617
-129734
170835
-29818
-73649
-132263
-190371
9118
45563
4714
96573
26598
-13673
-23538
13831
32128
-13001
-24305
133871
84955
194388
-77345
65007
-67819
43982
-907
-138013
-187602
-96342
-56147
-46614
41746
-123857
176690
-59412
85760
59251
-18680
-13229
97500
-50846
-154695
73289
-99774
10028
-38636
-132785
-29019
-88387
81198
-192131
153092
195780
-121050
128988
-85606
11340
174243
136612
123673
-13589
-45462
-129122
154323
68790
193939
88507
161469
-276
187856
9213
153252
102461
-149185
108137
142255
72863
128180
55671
20158
12386
160917
165560
12243
-11129
-111172
186495
-23702
-27682
-135131
12157
105504
148215
-73834
-105969
108241
58444
98240
126564
18136
42318
59893
112438
54594
-62309
-91401
-99251
-131588
-49038
-49540
22949
128911
-22419
-86787
-162677
-81088
31411
7877
179739
-34417
147828
-199121
191115
165249
-176351
114258
58465
157623
-94053
12922
165826
65632
-31242
106659
-86926
193039
-73471
-56936
-116985
9242
-17571
75225
16459
-99697
-75841
-76409
8211
-61190
173510
124255
41399
146450
-146199
132236
48790
95085
69272
-118479
-153494
169259
-82183
-149121
-158774
176735
117239
71231
39664
-114953
-158502
182377
167400
-138656
-63766
36189
166952
143171
160879
-175809
96192
125466
-26168
68570
22110
154547
74345
-58704
165356
91544
-21051
-48889
-145086
-61983
17169
-134571
-57916
-43211
95051
-24262
-158320
-159064
-117525
-72127
-134483
135622
74943
25559
92640
66208
-152253
106287
-88446
-11424
15151
170276
92963
129927
-152341
29590
80001
-49269
50534
-32129
11547
-176641
170259
99907
99977
132581
-76268
-19342
156116
185066
-69791
-4272
190858
-50560
-31760
4653
144969
28301
-103369
52405
-46620
165238
155373
143967
20218
-184487
-98808
7669
-24793
87660
161382
-24642
132689
-193433
23447
100908
93925
92671
-6555
-187477
-70651
-108970
-50232
-150371
27613
-111432
62159
-75282
-63187
-82292
125834
-94994
18374
-13170
171887
-80198
-34489
187765
-105958
-71866
-48526
120054
-142783
29335
73864
-145443
-149836
145305
83048
118478
-179320
41972
-76117
-2978
-72071
-72331
-147823
-119101
101027
-26564
117578
27355
-126414
13986
-12398
105600
-192182
-116975
66280
68861
112587
6894
-156680
169483
-22747
106156
-181627
98300
-126386
-139975
-29177
-14448
-59942
-195039
52777
-171928
169452
116980
-184607
-90627
-24472
870
12892
-56795
41047
-131091
132896
104354
-178066
-31376
-150725
59121
186802
8112
165962
91383
-126898
127188
-171060
-18796
39260
144177
9775
-173517
98674
-100709
-161581
99952
121693
-134915
152943
-29998
-147912
49175
179696
-136185
59349
-88898
-24268
-199037
-18681
-14576
-36910
27236
150700
-67109
-7817
-98002
-144423
175367
-135798
58851
160211
-22076
-61629
-26480
175921
132931
-147974
-171250
-49290
139043
113554
-186390
197188
-40800
97983
-16875
91270
61725
139761
149248
54862
32542
141569
-141403
92819
17334
25796
-116878
-82781
63852
42480
-175397
20976
-128135
-196908
186899
-178208
-10479
59860
-189583
-73162
-22170
-157115
-63368
-126955
156850
166969
-91662
116199
119175
186692
-180016
83655
-44261
21561
-123463
95138
67837
-62676
77417
197123
-158276
176008
129430
-119515
192165
-83397
53056
-42318
64245
-170342
-130700
138906
188423
-191414
107121
-18609
-64713
-166278
-19940
87970
37219
-196275
-76421
70339
89750
20443
84358
167695
-195035
7065
-51026
-36678
-151419
101896
34317
-128562
55061
-121424
-47983
50439
-163618
-148945
-19718
-154448
-88996
73640
-197633
168446
92336
-139473
-1056
-159057
176630
-157978
-157202
-21967
-170824
-178984
50249
198860
-49093
-64046
193379
-198601
20162
174252
-127826
97222
-145935
101966
-177836
171826
47924
-148537
37525
3207
27621
-79933
107808
-156711
-45264
-193800
-83026
-134485
34434
-37617
23174
-164985
34929
68039
182597
-67838
-145725
147482
-79018
-81708
-173265
-172065
150604
-24513
-6572
-54173
-175357
147940
44047
-53414
108511
-77443
136066
172053
132786
-54367
-161770
-94247
-199850
61730
12664
127510
-184460
-114747
-79704
162025
42897
174146
7032
83945
93964
-91840
107481
34855
-55597
22923
91327
-101044
192425
62703
191320
188368
-148711
-20440
-111681
-186098
-7734
-2544
-112428
-28421
-15386
64650
47489
-53665
-43182
166517
-198429
-23823
194991
57333
-34088
-180794
56455
171962
169963
-150640
-139279
113450
141560
1706
60601
885
-192705
-36292
115253
148426
-31178
139631
-4669
-87286
154789
2339
-38502
142334
-640
164686
175674
-116463
191963
-127531
135950
47948
-2437
42642
-169331
124935
-87334
120966
22373
84369
-70988
-11552
-63309
52275
-108763
104774
1636
-53274
66780
35540
-110252
-103993
20348
70358
130839
-181197
-60705
-31669
190770
-23815
26593
41322
19706
156563
-189216
109196
184881
75193
-185663
4689
149088
90359
-91554
88305
89600
-151685
-5850
-16170
29402
199098
88185
141333
147626
112165
171792
66096
-148794
47343
23574
-8865
15985
172534
-27812
-47062
112242
123875
26502
-113707
137159
124731
34953
158843
-177376
-96944
129072
145445
166973
-140667
160793
198382
-191484
-188997
-153153
-43436
-41897
93753
-6109
89020
-161089
-51613
-147786
-8633
68241
57469
-8346
164023
-161692
-156783
132547
84099
179727
-109061
44126
157843
-123734
-154754
-111183
-167084
118249
191384
-48230
-108938
49397
-127528
-126629
193150
192097
-109330
72210
-61688
12743
-104346
45437
-77714
16370
-149037
49779
-62690
108109
152429
191014
31020
-54790
-157220
75981
74048
192324
-170703
101416
-127813
186898
-136776
-68009
-182979
120322
-120168
-49097
115147
84592
-171050
185138
78792
66220
48068
-9445
28983
13294
-173290
-7928
104798
120611
101350
124767
-118612
-56884
79943
-176007
86411
129104
101349
142553
-70633
-103046
-155377
-92848
49912
70266
113793
10047
-167161
73458
-131434
-27832
63614
-33588
111201
41602
-82933
5999
-159514
106651
-36590
-114382
22547
15708
-163278
168052
-194844
57118
181235
26915
195517
-103380
23041
-142000
-78584
-8952
-148077
-40594
-82674
148564
36213
66470
106410
88941
98599
-123869
-167078
24811
-112964
-81102
171727
-23466
8767
-348
-40493
192009
75429
-35455
-127207
46162
10226
49105
164081
80564
3775
183676
-181112
114654
-38435
155303
182770
-160593
-157594
25202
-126357
56548
-177095
169156
-143508
121354
152236
-172930
186115
-145611
-135247
15149
14933
174528
78834
173044
-154357
156511
-42415
-136458
-67962
-137125
-184713
-38083
177566
99551
82343
109716
-28817
-116908
129055
67042
-74785
-77779
-96391
85866
198469
-148021
-79736
-48966
-1936
-82793
118232
29513
-97627
121756
33219
31978
-17572
86965
79923
145178
-62401
-150967
189009
-138080
-110845
-85777
176264
127137
-135475
-76213
-7039
-138307
-14759
6498
-6530
-79336
-75277
37782
27600
-70544
-87232
79725
76706
72124
-198206
188391
101722
-173437
124132
81064
-32256
-54654
2413
-179113
107079
133223
-11546
97938
-112610
192466
-149705
104191
-12709
70814
-77515
-150487
31650
-28166
-40496
-85568
112415
142543
109672
191470
123466
186810
-14560
-128232
-135256
186544
19107
-128601
-160771
-149296
116208
150912
-58204
-163379
-64394
-118
-49452
-193217
113551
161024
-92045
157119
-105119
181982
-36978
-182350
-52476
-45823
-76943
-97488
-72619
2158
-86965
-149396
61162
-28409
-91154
45853
-78636
53944
1966
-161696
175634
-183735
78015
105548
-143976
128854
104203
-75888
170024
-55562
175106
-21863
169395
136417
-169277
31940
161591
-100122
-125419
14675
28086
-120339
-63508
-199431
86833
58755
61445
85743
-31686
-168557
174914
18602
70948
-48968
183560
-55631
-122802
27188
21337
173363
-37307
171411
180120
42936
-37
193212
178331
176968
191176
67822
175440
117344
125933
74070
32688
81596
70182
-183688
-36070
40650
119188
8831
-36464
80542
48270
-115804
145403
11198
145808
145627
-42667
8765
142952
-68600
-68931
198760
130435
99940
120008
-109976
21517
66344
-186764
94521
71913
-126344
10169
19160
-138208
-108910
113982
-24073
-112169
-60535
-42467
-85677
-94186
-82400
-56217
-94519
81608
195973
-99978
-187127
4123
58375
178955
-39324
118795
-28083
104683
-94370
-69666
-62091
22405
-53637
144433
61462
-190702
33458
-157122
-141086
-59371
15090
36049
-47657
127075
-160778
9977
144310
-69516
112482
-51468
62072
199386
80343
-130761
-49423
-71708
-73812
-138445
-66244
-62453
32935
-28458
-57589
-2599
150943
-199028
42370
-142958
-136561
-141516
142394
154487
79791
118032
-136158
-15728
-37663
-61497
191444
-100358
169206
163251
-101419
-163571
-113725
-172564
19664
147723
-114857
-135516
161137
-190307
-74595
-66998
46645
-54064
15518
-4856
-174697
142784
-191311
-7941
146086
-103825
-69629
52637
-163606
-151274
-32557
139735
49438
-20448
187129
21381
151531
73764
67992
-161998
-92964
124680
-120784
-171358
-156224
-69140
-29204
22382
-16602
11948
-60555
-113953
-22291
163813
-22136
151578
-53298
194466
88207
99249
-126677
99554
108696
-59792
-94487
63021
104891
53207
50615
-192273
1085
-89185
-135751
42127
136739
-110758
-129787
197635
192296
117833
-107619
67217
134180
-138311
-17945
127799
25743
-175287
-5345
-29013
-26270
142446
66771
-119530
30063
-53172
17145
-183321
84074
-171029
-16494
171538
66101
-10542
-71349
56222
117107
192144
-4275
-139677
87385
-72331
38899
11151
113986
160902
110133
19868
-187137
-149431
115451
44049
-120654
-58645
35345
-136541
87220
-88057
-129340
-31505
99032
153982
157874
-162999
-81779
-157787
77340
-20445
138058
44973
-118850
62294
137021
112869
-91526
-118946
-98842
309
155248
-101231
98211
123013
128504
-149372
-161897
26061
166414
127497
-19132
125992
187783
-147079
-3795
20089
64753
97501
167452
-44936
126572
-32241
56892
139673
101954
-96693
147087
165308
164595
25543
-198928
-10742
-24052
-67388
-116814
-54079
-91165
-63310
45761
-66511
-146457
33192
-58182
196404
146863
89811
-167326
-161032
-46932
67187
122562
-131232
198843
22323
43954
-181020
-46507
-72240
67313
179549
-125272
-109000
-18453
126653
-131520
-60888
-188746
-113452
83271
-36989
-90529
50026
-85177
66006
-113975
-124554
-146759
50378
172744
198480
165819
160202
-79256
-175215
-518
196977
-46817
-94417
146892
-8087
-124049
-64922
-20812
-30727
162868
-162823
128946
-153141
107203
97697
89851
4273
-121830
-99545
-44159
-113627
16519
14874
185685
-186222
-23267
93917
132044
-26733
-27222
82658
199352
-16448
-19774
129680
16474
129155
81425
-111344
135557
123886
-45542
-162622
-150754
-194506
-82512
1948
60493
167739
192917
-28675
-159763
7977
68051
-152713
-24518
-42317
46559
64737
4170
-193565
86518
105187
-49014
-66750
112784
-181996
-97017
111982
149356
84920
-177844
-193511
-50876
96882
-136783
83512
106851
182629
197872
125527
126522
6435
161093
-36654
176071
16507
177322
84946
135747
-38014
-80678
-22660
-68883
1997
-116448
23681
-147666
171086
88
-148359
-130965
144556
106638
-7690
96840
-149204
-605
-125029
92645
-89140
-106475
162195
199561
-24120
138706
20093
-15086
64940
185670
-134832
-26030
-148935
66057
96720
-155681
149910
4916
193523
-48944
12776
-11305
-116291
-193273
-66955
-189182
145087
63376
-131622
88536
115896
-39666
131670
-42462
-169631
54643
-777
-17590
90127
-113623
-88794
81479
-145510
112938
-48079
-26634
-40288
112292
39459
74826
116445
101492
-18282
102503
-93889
130489
-1173
-23346
68802
140491
-49487
-111663
-193032
-94525
18430
92873
141828
85696
-47703
86545
-176609
-65442
-55800
-83665
-73960
-1498
-173941
-94310
-67466
-134894
59664
70849
-76857
95350
36817
79404
-44985
-122778
86663
142993
-70317
176036
194417
-138216
82066
70866
91756
177666
95228
-157587
-124546
195035
-1018
-180361
-69089
163803
179559
123287
-99245
-154716
20655
-125382
-44568
180643
102533
-13034
190738
-67079
-122836
148294
105912
-108654
-33852
95021
-170230
-22393
51749
168739
186916
152748
-60964
-49389
22802
53570
52110
-151940
108683
-179096
-40045
-185506
53349
4593
26220
90027
108402
158526
-70170
135778
-74453
-92312
-454
-179086
144959
7168
-47519
67685
88661
-327
-78325
-102094
144509
138709
192385
7379
-178749
77397
-81685
-47172
-42190
-165131
98373
29660
108658
-81813
52269
35734
-116367
147135
-65114
-45169
-13160
-48393
-24115
145071
33572
-166520
-104827
99652
-143331
53853
80825
140558
-78323
-187245
-45337
63926
72232
-33897
-185624
76834
105137
-55040
75387
-26712
169710
67870
33196
-88802
123395
152367
10707
173119
54004
-33186
184290
-19118
121494
-193619
133727
137033
-81401
-144089
-161341
-57538
8604
103314
34875
-157518
153172
7613
-178539
-178460
-185771
-20103
-102213
183599
-6952
-188586
135206
105160
462
-81188
-79778
-108902
179893
93781
-42770
-69786
-97158
-156415
-9561
-156735
-131794
22217
153605
-87809
179386
-161604
-26482
-80985
65488
-183191
88873
-33106
-165599
-87815
119420
-38950
136961
-122791
170885
-65768
68890
-190522
-143649
145107
101183
9238
37907
85505
-196672
96739
-108288
185260
112492
90447
108607
196300
92212
89711
66851
-198811
32423
-44703
-32567
-159430
173777
-176308
-101997
-56438
145496
-151004
-7090
126868
-124784
-110922
91285
-176765
-8104
-149291
-157194
181771
172401
181331
-124513
57064
-33884
-165864
-154647
75868
-169711
129361
-141649
-84326
-173656
188546
122935
103518
-17699
186978
-110016
-124
-47085
-26804
-62756
18005
-61258
189654
-71849
170333
-12029
-160866
-126185
108477
-154802
-129282
-3853
188386
5393
178717
-129740
179595
70090
-79557
-4785
82477
15245
-8414
-152930
-145088
171365
-153597
-83210
-64628
-91514
125180
-82486
-56482
-68284
-114261
-77790
67167
-157198
167377
12871
-100196
100161
-60617
21888
-181801
-134467
-188524
163099
10831
-44202
-17372
-191251
49077
159207
-197432
-161704
124080
33132
-42886
111863
-83227
-171781
43674
-142042
117117
44654
7274
166590
141863
162836
-167758
137993
81844
20252
138589
-50381
-59734
64102
-114554
-146215
-85124
167857
5214
115660
-133804
162662
-34318
173301
189134
-24995
57939
-136027
130648
53345
16465
91531
131120
27536
122783
191337
-150149
44325
-127175
80128
117586
118618
-144000
90378
33760
-47882
111916
-86689
94322
3138
75239
-354
155249
154806
17465
27312
-190491
193645
130168
7204
116946
37588
-174631
100986
-178566
-123211
-36971
45015
-65111
68286
-144985
-172876
-183981
-13566
130147
-199543
16642
33609
81158
-72048
-82227
-176240
164351
-132966
181880
94888
-27934
-196343
174380
-162980
17255
60805
171569
60967
-8119
51067
-118817
4633
120090
-116167
-6189
23024
134432
-143623
192779
61797
68066
-32503
-73514
17183
-133335
-94621
-34872
179652
166741
-154288
156765
-165461
-49884
-171878
-176634
167275
92671
-188199
-169360
158126
192484
-164206
-120048
112293
68289
-130593
-147171
-146307
21030
-108053
-170504
13115
114579
51480
34520
-129832
188831
25402
-28097
-199113
-8612
-24875
-141559
-20600
6562
-11721
42145
-149022
-59974
-40392
-192425
120198
69373
63051
100652
64727
40800
178756
46439
-48654
121708
-9203
105713
121636
-69060
79499
57587
-103261
19370
-67646
-49032
-195425
-162418
-91175
-56359
115877
157076
-106784
139292
78396
125304
-36306
168246
-91391
194676
-95964
-113562
-95612
-142337
108316
46822
98523
3849
-189986
137955
111335
77776
54263
19028
61675
-171516
-190542
68160
160238
-3356
-195355
-185157
193
171546
-128471
-199149
89652
190696
-63513
-50719
-43077
143722
-182706
-115176
50093
-134826
44788
-179319
-145522
-199742
-30897
-11760
-168680
133927
-63567
48702
102278
-15736
-190900
132971
20262
173651
-183101
173945
-53018
-185350
33198
-109607
6468
5918
-112570
-66688
139511
-38978
63147
-50319
-5926
183123
-136174
109232
-81558
32188
-187018
-56758
13825
-32400
-49673
-188588
180914
1498
104009
-158774
-83489
193489
-41842
-189236
-161046
15120
-175055
50865
10272
139108
-173553
84829
29520
124039
190788
93768
30921
-168867
-64603
-92779
146809
-189710
145314
-75483
168393
-88765
8027
-121436
-113105
-73920
31321
-72746
-24093
-46216
-118119
-47799
164398
-134728
197859
46861
154365
127966
-167009
-23426
104365
130690
-111466
-110385
-100825
-81280
39468
48135
116251
-74876
-27945
21713
-58167
21598
9320
159380
161913
62043
170591
16698
54806
-122063
25710
-136218
-79451
106508
-124582
-34362
102917
11097
60405
84584
-154017
-187377
173121
-26427
-159667
68459
-183303
138826
172644
17877
-112817
-15513
176462
135323
-52198
65003
-107611
-22531
188194
36809
120892
-75395
-130440
59443
-98609
124656
-135326
-138184
103439
142709
-115211
63922
-54824
-132049
37527
-113789
-147650
63434
12847
191421
162361
20853
123082
-59653
-182692
68031
90630
141202
109514
110413
-169339
190555
164343
25767
123583
-95605
63328
-8841
-108118
96037
163005
-18843
110625
143336
84513
-30391
-119937
-13297
-141924
124023
84603
183478
-151880
-146344
132795
145867
-46695
-176933
21110
-35242
177909
87876
-80148
-177180
-10214
-95088
-35420
15381
-21787
147502
-119210
-123315
-152080
191573
105794
108990
-9367
-69578
-116990
-123861
-68565
-28432
158565
-43340
-190470
-2763
-132471
100093
-125880
58084
120378
189596
198525
-164553
77615
144710
-37944
143695
-145095
-112398
-12571
51636
-87828
-124799
-71270
5739
67720
194637
118487
-185224
41856
-1438
-92674
-142259
-132867
-192268
-190701
123190
134374
147900
33606
-157686
170331
-44699
-11269
192610
-37740
-26472
104202
27795
183485
189646
-19327
-81102
175506
-20558
-1917
160159
134833
7539
-162555
190355
-157451
131547
84431
10743
-146583
-43192
198647
68891
-133354
84715
-114663
111546
143639
-12239
54717
9542
-9762
53902
55481
57453
-167277
27715
113648
128965
-90543
-19037
103066
115191
84805
-130471
-68499
174680
151478
33728
198258
-91307
5311
73070
139253
-102744
77370
-188325
52215
-61315
-42703
153318
124822
72654
79233
177315
199963
42222
-168000
-97243
146082
37793
-42930
-60064
26544
-143123
-85473
-45921
37239
-170841
34996
82243
108525
-123038
58042
-182018
-61857
100272
-112495
-181431
62882
-33510
-93112
166609
-118844
-90841
41438
130684
-6619
136052
-143498
95977
-120019
29709
177965
14109
-104259
18906
59615
196544
629
-103226
-80143
-35267
-177645
136426
190309
-116425
-49493
130548
-83281
-23050
-54670
69329
69692
-187264
-99458
122859
-59217
51248
7038
73326
-182292
169346
129373
95755
-145635
6953
43438
199065
-6518
-162504
-175167
163747
56739
165234
154159
-8967
-144138
-39343
182588
47206
171413
24003
-22171
188618
-102212
68534
141919
165386
-74775
-133654
142267
125536
36057
11065
188264
-44020
-116786
-141809
-117035
65604
-135805
86240
193121
129974
152137
164304
197368
132926
137061
-3153
127072
66807
-165179
-105049
-135210
155434
-97388
88362
76754
88933
-34079
179938
26033
53879
178377
-99005
-163084
-4003
181539
-156007
-168768
-164273
-178744
-16967
-15289
-14640
63052
170624
-48074
-109302
-119699
-148678
-135040
-99458
-102992
-56289
-135624
-184328
98705
-132632
-104253
24358
64975
64712
-147736
-98617
148306
-173015
-195250
119198
31046
-123595
72236
46486
-20489
-182633
-22300
175150
-25336
114737
40395
-98243
88613
-123800
17512
-37378
-57186
-186117
-88637
-178315
61722
40208
195847
35948
-7402
-177295
166748
-26198
-31565
-45581
-148642
-25162
149626
-32004
56826
-43196
170741
-161089
-75195
32569
-13081
-19383
-95922
139125
127775
89676
-142183
-33715
-95421
54947
1571
-56765
-105925
-113675
-194405
63823
-113095
153318
191137
-182212
-84455
-194815
77549
-111522
-189662
-67001
-49041
64689
-197678
-161414
137397
46353
-155565
-96806
-198837
-163852
-123555
83251
-185508
41732
-134552
-109766
-92405
107465
7736
-155149
-72894
104431
-84126
-42647
-87274
38966
-151447
72153
-191273
105844
20607
85796
39693
34314
192432
-186014
-152835
-107106
88551
-75275
-154375
30442
184475
159197
-59389
-32762
27484
47557
-176418
-121829
196289
-179505
40496
-188996
-108030
-33372
111070
62915
-37721
93498
-93695
83305
38672
81982
84643
-55816
-44537
-160500
4603
53359
-95163
-181221
112683
108818
185578
-187294
179099
-11777
-87621
94089
-136948
-44438
144601
40631
-104645
104465
-199610
-156651
106165
134025
72928
117652
131193
-160558
-132020
26651
63059
120832
-180688
3236
150635
-60042
-99004
-58028
49406
-108252
-39985
127495
188787
-149554
57804
-86810
172394
-27756
-44200
-157135
-18716
166010
162295
78090
-71356
163501
-107435
-119878
-142465
-32408
-99233
-29810
-154908
-26751
74615
145858
37099
159155
26556
-151745
-137804
86601
20992
83390
-166705
-70325
31177
192326
-43128
-55786
-165287
-156154
-116353
-92188
161702
-152472
-191113
-15054
-169146
143236
181471
56835
21982
47902
21489
-116973
-34411
-155535
25706
112576
-66894
-1048
-58601
-174525
-183325
-165014
147368
33533
81221
167891
106768
-58619
173993
126107
-79739
121639
-171410
-71692
-24548
8495
14818
137477
-185806
-74501
80622
57677
-11097
16711
112311
-115197
112433
171965
5444
126035
73843
-17058
-132533
-72597
-55326
6122
49947
-1244
135594
-84716
68478
198723
39333
52026
99028
-9087
-102870
-7974
-184358
109733
92676
-26223
151908
169802
-199550
151012
123269
40728
124966
152948
-153983
73194
37266
-92653
30644
186081
-43576
101111
171910
122740
56662
189761
-2154
-138175
-197438
-198727
53259
-188076
-149852
33419
189302
-33540
131686
60443
-99675
-80293
-128805
174837
-108450
-90169
150241
-144011
-90566
49278
150590
126412
71261
82899
72675
-34263
-186096
44398
-198755
142489
14790
-184
-63752
-96026
-25223
20645
-178095
90083
2595
68937
78354
64430
-45890
-180773
159626
96692
-79418
-183138
64409
-96768
-111124
-16766
-77387
-105976
150017
-15900
24303
36430
-194672
-17701
124780
-37216
-170611
101963
-132659
159571
49640
-131399
-31434
-54413
-117390
-160471
-123548
-152487
-96262
136563
116793
-197147
-143514
-124055
31800
190918
-58624
195126
121492
194448
83581
147371
-154516
-136287
41073
-156497
128646
-138201
94892
-128286
168516
83552
134082
-167670
-91082
158167
53387
-93111
-145250
94808
-157464
191486
-177800
117367
135049
-9257
-24511
190795
131374
-161370
-120605
111666
121874
-169502
118767
-47811
-141889
-136902
-173288
-151590
97757
59641
189559
109336
161463
99211
-193744
-114703
189167
132909
-28760
-199607
-13621
-80433
45505
101347
-105205
-55940
-67475
-150877
-84423
-96520
110683
-182384
193881
-54513
60286
-134968
10282
-107197
136300
-110352
99178
191784
-188657
-17984
36009
-135047
96702
127991
-184774
-194453
-169699
-37105
193844
-2026
13233
-38901
-75582
33951
-28574
149903
25408
-117796
109166
157983
-15629
106408
-61265
-88588
123564
-166270
160987
-64357
138922
104258
-6162
162450
-152835
-48982
18744
5924
123508
104638
65815
-127657
188972
56672
-180330
-99627
-186259
-107319
-62444
40157
196978
86610
194309
35776
-6031
7054
80818
23966
-135872
197685
-167804
11727
166418
24246
123999
-46323
-63561
66395
-193344
58241
29916
54459
46434
-18759
-32651
-36479
-172983
-1851
57550
-9556
-178109
-185381
66135
106993
-147479
-136028
67702
-70220
20646
156272
-53137
14636
139001
38453
5595
106640
20434
-91497
81743
-65715
170535
67915
-48849
-90119
16743
-156771
165738
-47767
-112435
30475
149343
12040
-197092
68612
-105250
-49433
36839
-54500
-141897
-107655
133304
-21511
87892
-63756
9105
108012
-79134
14592
-78120
-194391
-136091
-143991
-142983
152361
-197463
-146202
-119810
-16334
164326
-129449
-148609
-67544
-120852
-64637
148580
129906
96424
44333
147983
-148184
-110277
-49483
-13633
189474
-13381
25145
78971
43833
-138175
-112508
-159949
50695
112245
-189736
-99961
140246
4982
60605
-91606
-175818
-140747
-61251
136605
-85547
-113312
-944
65167
-44260
149872
144741
-107265
79378
-166346
170602
-82492
81369
26861
-47203
-80697
50532
151721
27285
-127308
77927
151385
15122
55751
163508
61400
168098
127399
-135703
11236
-134548
-13152
51548
126699
168905
-94366
70612
-88039
-75113
-44605
-53855
-58584
164911
-151586
-47025
11200
-33806
-149354
58249
-72174
-32601
-94295
110607
36351
74548
84284
-153846
-35905
-93907
128311
-152363
-143983
-139530
98931
186620
9959
153458
190713
-64638
-5720
-30335
153532
179335
108982
-171396
-65622
53871
-66046
-166040
66049
44704
61143
-99077
-148143
-50704
196366
95840
191004
-41951
-197500
122704
7781
105900
122649
27442
-173295
122118
-57166
176382
101833
-67779
62650
-115130
-104172
-10302
-179231
-143476
191894
103095
-77485
-76809
199442
-35671
60496
53314
-70353
-24269
2405
172
96396
6952
12457
-39724
141978
-83315
68593
-36117
155291
25433
-22341
-191384
-184177
53738
-181205
-100497
56016
-151156
106835
151462
-43711
-86475
134663
-43298
163428
134792
-15207
136055
-182901
-24542
97103
625
17358
-7836
-38348
-23222
-111675
187523
107004
-162797
194002
198157
-155358
-12698
168823
-75495
-8332
-37579
43744
-14895
-124122
199105
12052
-142067
161435
-110793
-113153
124271
2718
177412
-141366
-32247
24999
-108504
-27083
-108458
42212
-164415
-197870
-189569
46791
155760
-171080
-123436
-124342
-14495
-84254
-133195
133534
161078
102264
10927
110739
67594
125802
-70634
-31109
58717
153687
77622
195909
-127029
-88520
119254
69307
167045
-125323
186874
149887
67386
192478
123908
162114
-153649
91987
-87794
142182
74691
157505
-102197
153509
-114725
185685
-150198
66386
34267
198805
-194349
-50187
150752
4566
105397
-92446
172949
193069
-100459
-49600
-137052
-34814
166011
-4342
-71864
28236
52884
13034
65366
48817
89837
142107
-195281
31869
-3890
-47441
-132343
22741
86771
69850
63810
126928
19932
130025
93320
161828
96227
-119097
160848
84641
105107
-35430
111222
48694
127139
-183066
-99992
-13637
-167811
153446
-154673
-192834
35755
-62137
50412
-126056
93328
16160
4528
-159290
165847
-131338
60831
-111192
-66853
13661
180443
190891
-144405
12750
140087
-25251
182474
107042
122486
-197334
-81745
98667
90400
-56091
158922
102152
37104
-111934
147768
-25159
-186721
-72729
55579
-76678
-176646
23829
115940
131863
196631
1904
-126292
40020
56298
-19204
-1996
-195303
165631
59632
-16873
-102392
137869
139197
-53359
193593
-47198
177598
151946
-195962
131495
-96076
167062
-48172
29743
-193221
-49397
35856
-83138
96115
96495
-161741
172522
-158753
-3835
160162
85398
181988
17701
-57983
177414
-890
163252
-109697
67730
-197495
95083
-79686
119273
93856
-7541
23696
191901
91712
119975
19466
39813
129162
-154023
-82032
-101301
-59664
-166516
11455
87212
195311
85494
-56393
125734
-103217
-105190
196760
-41240
-102833
-126725
-164767
156203
104921
55211
-21888
-165097
-2397
-51890
198144
-19719
86331
37840
-147918
120377
-100867
19274
-145416
-162697
-87616
128506
167592
31911
-94291
-191656
41842
-193750
197488
-76908
114880
70819
-142602
-176184
-172765
-99278
94181
-122014
116784
178270
194026
9905
-39141
-43579
143952
-168102
71326
-67574
-168666
93531
92891
43068
-54852
140056
-171708
-191416
163629
-53721
17283
160925
-187061
-197570
31692
-175034
-138730
-179438
84760
59990
-197721
104588
190010
26692
21611
-31724
176759
-1180
-105397
43648
35947
-197257
-49027
-34115
36913
-122798
18521
-1067
144991
-60848
89298
105520
-53072
116631
121721
-125404
48860
-80099
65295
35965
49779
-41581
60403
10034
-1819
-103696
-62671
71004
67323
56369
-20402
-52711
168913
-75827
48682
53369
75346
-120939
121986
47078
-164543
-12152
-99248
-69146
-70990
-91214
102313
-150651
121987
128095
-136854
167608
-79460
-113080
-109666
-149805
-133258
-131745
-11378
-134399
192673
21469
-119741
-194379
-108855
28528
-96253
-28693
172438
18431
116495
-43909
104874
-140351
-96341
-173604
41532
148191
-171540
26168
60618
-21754
-126213
140391
25893
40762
-117094
13102
84060
-6047
-135140
-196300
164918
115504
137995
-114436
-135866
-155637
51320
172402
64977
170094
120786
83975
132636
35265
142782
-15385
-102499
-27224
72144
-98182
-184769
159329
-132642
-36630
-21968
128839
-64188
42041
194348
-180223
69018
-41153
-175383
-83344
18692
-32305
112722
-121249
-6072
196374
-136988
-15440
-11424
86284
-11130
-77055
156323
-184369
-142636
-83784
-121461
179874
169935
132269
132135
198082
198647
68526
-173195
175498
95874
-31727
-48155
-14996
-88395
187203
178151
-136928
-54590
-34268
-25864
-150257
-143511
90794
-79221
119154
34563
-177223
42758
138192
-50309
-21586
76149
-18710
-173287
-24417
23259
-163368
11489
-17279
-118702
101628
66187
190152
-25291
-148610
-181057
188372
119987
-188501
167251
8470
117451
142239
-129181
-82295
-94740
104151
199695
108028
62548
84144
123881
-152231
-23066
190987
50964
107320
76361
-85799
-14260
75505
195856
188248
-19789
30835
-99468
-195019
44690
-60
58931
-4298
170655
-164956
-152043
-170874
-57522
-70770
32795
141692
175250
-9613
-116880
-12507
-107000
-119059
-36179
-156055
66230
-34675
95627
147791
155558
-89201
125400
30067
-187530
-199002
127679
141448
96202
-114996
-109660
177071
136875
-170649
70355
-116721
-11636
-128540
-9689
22998
-78986
43220
194889
-63185
178052
-174008
125168
-41646
-134817
-120244
-176273
166887
163140
14750
95386
68232
-134677
-180551
-17576
141444
172721
154559
-35882
4480
-67987
104677
-163787
-54688
-110246
-30979
-132372
164454
-196342
120700
109808
72076
101810
119589
-125517
-159165
-6000
144613
162944
-20541
-148398
-45843
-127119
-191779
123387
117827
-76500
32942
-177344
22250
117976
-100018
-94095
8843
45729
-28241
119004
73549
-196316
-124917
70111
-183595
3654
101854
188532
-15867
172266
135395
26356
51517
-113895
143703
7449
135475
70399
189534
95865
187459
36626
-5231
-154874
160207
148907
63055
26082
-105553
33042
-150939
138819
-195387
97880
127634
120122
136612
-84424
-26856
133993
-195503
5318
-15563
115694
158609
36980
-149986
-128783
1007
-175365
191031
-107160
175090
-89840
-67326
-109736
-67484
-85434
-57524
-65195
120165
-126333
-108688
182427
-32702
-90179
25666
173524
128832
52979
-27148
-101244
-39025
168054
-65870
16258
78452
162257
15561
-16444
-191049
26130
9866
-167730
3578
-141715
40913
-44530
115701
60396
-77385
-74421
108307
59030
129901
169343
-142819
34167
166027
-13066
74325
-69602
106182
102562
189762
-5746
-11348
179141
93325
40328
-138497
-180
-190360
-77930
-102262
69746
44323
133607
-116657
159221
188749
64206
-117769
109638
146317
-9832
98033
131480
-196375
-39918
67580
101255
94022
-124922
158216
133063
54981
159206
-1616
-110176
148883
-1739
82317
20511
-113873
-136445
135294
159695
80426
-193625
50997
115948
141697
-152658
-136199
-1338
103543
-2971
-54694
171254
87206
-109922
192771
-128346
193495
-126735
137002
-65430
-74188
-10387
84723
-113558
-81267
-60951
-188217
-80998
123587
155474
-137985
92839
172274
-160798
-165925
27421
-125068
155730
-5721
1286
-119049
-121586
134801
170001
-86655
-31148
-95932
-28967
191536
-15218
-6898
-31493
96229
-103768
112928
167329
-186463
67829
19956
-59310
-184125
-3004
122020
57309
161562
136307
-63002
143907
64309
-77906
-171332
-37244
111513
52984
67772
149933
183370
-68369
-88961
-87659
110064
160674
37746
93217
72433
125457
-166280
-5824
2647
-125979
-87381
-110547
-50127
16958
199946
-115709
143006
17454
-109720
-77942
-156954
165741
-70709
138848
-91446
-139264
137920
128929
-148911
115619
123867
-74048
-8305
171245
-183101
-91060
35551
-169286
-190727
123812
-25905
22279
-152718
99648
179375
69815
-161370
77163
-18647
76879
-102349
-133412
117912
163680
-136947
178339
155603
91111
-57050
192428
124184
-174011
-86148
13731
-160309
-120047
154880
-90677
-191451
-41985
52218
-152657
-163522
102684
192008
-90756
151307
-27575
-132831
5003
64579
-13407
60613
-20658
58379
8987
-121692
166966
185100
150531
-98059
189517
121358
-50124
-17384
-120247
-157563
-116903
38053
-165221
113074
-182666
-158668
1925
15011
151699
-74271
198327
36675
-113896
33737
-112361
-100528
-140545
-169206
-4158
-63194
-114384
81065
40525
124511
-111695
136024
-7699
82798
192470
-183872
115756
16519
22907
-92799
-133297
66530
-145156
-179215
139010
57012
90861
-113494
-124306
-196373
105530
-131149
197558
-188123
162740
93755
-24852
-88488
123632
-187904
21004
-103500
58622
176354
182431
-25757
32548
116390
-143518
-7769
123699
-7551
149922
-122967
-92020
168181
-9022
-46338
169479
76773
-66168
-46332
-159197
139877
-132857
-57
199108
70468
176562
167876
-12449
63898
136651
75118
-181967
-89143
170348
116635
-90743
169885
36661
-61518
70543
70728
-105343
-174181
96419
-72624
123898
70272
-142452
168315
172441
191734
78644
44055
-78490
136664
-151234
-146006
-8306
75747
88023
-78047
6091
194057
51763
-91751
85668
37445
-196200
177959
125282
10469
146386
33845
35353
-42456
158419
109942
-48893
-116844
-162887
-89736
180564
-165313
27280
8999
80764
-121891
-7130
99394
-72432
108871
-6591
82805
147469
-133485
132265
-58218
95370
-179067
-85345
-33912
96301
-175610
-103339
-142298
13738
171811
121905
-30718
173467
29930
30470
-44044
-12431
5266
-67917
118353
164492
113393
-81500
154443
156120
154817
81211
4114
-132618
-197914
-157973
-25442
-151832
-75924
-171103
143996
135125
-99568
-60078
-110778
-191507
93924
-163551
199230
16595
99159
-50935
183901
39031
-79132
-125464
176582
44012
-82317
3590
144967
-147657
122701
-96347
-108368
-153556
36297
-100062
-170613
122251
-117491
-159981
-79948
191663
9630
-73422
38592
22208
169098
-67825
21358
-117001
-105263
156551
-17646
115455
75730
6391
-195498
-104351
-90665
-175102
-61328
179329
-60846
164842
-167550
180096
180936
-194260
-52308
-17046
-155931
30196
-58106
127363
128762
153091
-137336
138371
-157612
-190885
-77480
-86263
198205
78477
117225
-143743
167222
-45005
-65927
-101071
-99740
118258
135027
133767
-179218
114356
46812
-70942
54949
-10540
166809
-22982
-170810
-82901
87436
66310
-5043
-179429
-193211
44830
-126689
-126037
112691
164289
-128285
19342
101798
-120747
193258
-55093
13442
112583
7797
121672
38912
142418
162585
182368
143501
-76185
-89931
123322
-196029
-76235
-34163
164591
-55533
-99765
-122849
-110004
-74602
-43210
187473
-46498
-98195
-158494
161177
-149647
-81124
-141999
-168116
4457
-157994
-166837
-56763
17481
-9259
-121784
164980
-139328
-38519
22704
26936
-79316
20095
97308
67850
-184591
137723
-71566
-92119
194775
186431
189563
-166187
-192120
188606
-20443
195644
-191640
14731
152526
190484
-12259
109641
-144898
-164875
147132
40586
-134696
112712
-96817
51965
32596
-55779
24492
32486
188239
198893
130930
-17209
-136667
27812
-78481
29783
55507
99138
-43541
180278
28015
-86545
139186
-115634
52063
160906
138715
6033
73686
-15559
-111072
-185359
-41739
-197393
151898
-82992
150874
149981
-137023
-72680
-53649
-41768
-159097
156469
52185
-69043
-6678
-64625
22221
45121
4953
-130892
172782
112190
122323
-32964
91468
-63185
77423
76197
59785
-120596
67256
77789
121503
166149
-172722
-62673
175774
-77728
-44248
158966
-121186
-1315
-153391
6045
168953
179354
190603
61301
-82750
-128007
-95881
178946
-92411
52812
116293
-75559
153687
36228
-41217
51795
91654
192706
150536
50948
-120624
173226
121520
144720
181256
-23946
163293
-55178
-28234
5706
66968
-195158
-54000
59280
6797
8380
-186086
-17868
71273
-180194
33690
-87135
-92019
145072
123775
42493
160066
-198398
-146330
23274
-88002
-7394
-112000
-53863
58521
127994
-139983
-141870
15866
1173
90740
-31641
148250
11296
-136794
190141
-128085
138288
-167395
-143106
46951
-136941
-85831
193890
-114538
-91500
15013
-184883
-89411
-37431
-3185
63296
62941
173599
67137
-63676
-183325
18426
162383
-75538
69283
-152530
142382
-177653
-114175
-177405
-72359
-18602
121505
55436
-131913
-91511
-168023
51637
-45238
-133897
-79213
170992
-134766
-168764
128135
-9840
121173
136349
-111461
30364
176214
153179
196744
-179618
-180716
12515
-115756
-119614
144986
21230
-159058
-149416
41652
3773
122674
25415
58706
-120862
12005
-183234
-103237
-122240
122595
-174518
162325
99722
-85598
-121494
-88400
156479
133400
36227
73710
-6584
-34823
-38268
-176904
136346
119507
133852
27710
118205
10249
166808
75713
53831
83672
75426
-90292
-189939
152452
36753
-110601
139815
160331
55486
-40788
117662
117940
60878
-124750
27073
-199132
92484
113336
-139232
52363
-7031
-10105
-31202
58449
-16044
96216
-140821
-162984
-88389
176919
-113759
-66421
-28258
105319
-31084
96550
-26582
171719
179798
-134071
-163636
24712
157116
93468
151219
96704
198921
-127958
189949
162272
-131885
47247
-55559
58797
66637
184651
21732
-114792
129894
7843
-38802
-154094
18772
-197452
109681
183657
148722
-106809
-47739
-174245
116781
20334
-41151
59092
187265
-105397
-166851
-179336
114846
-31937
121344
161024
-193216
-77395
8946
-102673
-149148
103828
-163906
-67993
22103
43214
-129482
-98753
-93317
95376
105210
171186
125534
-6284
-79521
-129369
-116829
-107241
83343
-143405
-152216
-151530
-197029
-151591
14982
38770
74107
-162543
-140165
143493
-39218
194210
-43184
137102
-50997
-133697
-109559
62056
-84531
-126592
172349
-41193
159638
9004
185071
88896
-150915
-38180
-103144
-14417
-191786
-153701
85328
-1397
121132
130997
152169
-114196
-130483
147461
-165975
-106508
-183894
12555
124014
88451
93714
57412
131050
172656
85810
-43143
-140360
187909
87197
76355
198076
86710
41051
65364
-99385
45821
-191439
57323
-148953
-132025
-76461
-12563
-171327
-26834
-83685
-22314
182236
-138449
45730
25836
11618
-125377
57073
85940
54670
139118
119543
73556
26815
-194699
51071
-147471
-111988
18504
101942
135806
-24361
-136583
-199226
-139421
-14205
175241
117657
-37967
115257
23436
178059
181277
129575
87688
146801
-156576
-8917
-98185
119309
37518
-1052
72276
175069
65259
117013
-167842
6096
-11736
3066
124342
143511
86789
170362
-184479
161527
168334
117577
-197204
-83407
121555
-45653
124009
-11193
-70520
157445
-10547
172448
74407
-123816
-144386
32136
-31089
178146
-131226
192956
-115973
-113267
-178299
-57399
-12893
170776
190289
157544
19366
-190946
-115605
-94972
-28158
198437
-32985
117503
-84429
-193522
34838
-79384
102597
68296
55432
-184966
45525
-198474
-191437
19906
51583
-114121
-189941
142981
131279
-75652
-13553
-88826
-102678
61969
199861
-120616
-1457
-78043
-150117
136040
-20186
-95069
-16277
41928
14853
-95107
14343
82546
-49829
104494
45864
59753
35520
-39779
-82300
-97698
-65352
-181614
199554
94958
-100980
-5851
-187587
193986
-177705
-141314
-51462
93923
191202
198097
-192211
199077
-186265
191640
-152903
19694
-145734
-179324
68596
-10960
-60534
-81869
122187
-5172
-184792
-25717
157579
68236
-11809
-157063
-10230
-2085
-149677
166925
160759
-40770
198322
178217
166389
81289
35483
-94095
131855
-137261
-2128
24985
-166069
-5360
34678
-34393
-198950
-80257
-29674
-113994
123106
-126355
139083
18049
197586
-69021
149581
41502
122101
2195
-104847
140557
-32620
-87566
112739
-133171
-97131
121904
-19928
124401
15900
160372
-140721
8262
-61781
-145323
-23927
-92876
196346
-113627
-148764
48682
-81884
50909
6054
-106083
-117339
-138270
-14187
-30311
-144002
-130783
-115961
-171298
13975
143438
137937
-93964
-65651
157705
-174985
103250
-128889
72195
-83913
42620
11920
-64191
-90302
-144048
137935
-27661
133295
-55834
-91210
-75810
29956
108145
136524
41942
132111
189758
24553
-93727
-195605
13041
-183875
73857
-6777
91947
138303
-131512
53569
155512
-124064
133194
-190438
-62002
-151375
-109766
163736
11541
-89433
74377
-170008
51890
199095
-168148
189663
-160115
14175
-134329
88727
94756
118988
197305
-194424
-153567
161996
-137219
106025
101017
-102442
-105123
-149567
174833
-50407
93182
167966
195685
-107098
-66445
-136223
33241
114431
-105466
53717
-130302
-121768
-180594
-68814
60745
-141917
-70925
38774
111663
-193170
36089
-46525
-127014
-65805
31001
13200
-35919
-171935
-197341
-112942
54898
182951
119712
87006
-152435
-189696
187370
-73169
-4012
106955
37170
-183287
137337
100646
-50703
-47372
-8519
2874
-670
137644
-126333
23742
-154835
-87864
-51001
-20194
-65424
-178909
187847
167523
155205
-64761
-142717
89928
-84145
176748
145983
-98524
14678
-87082
-176811
179846
157883
-126086
-117116
28857
174495
-103804
-124170
-89621
136514
155995
127575
45074
24330
-90833
-73738
-152853
-16770
-121829
-120936
107136
-193883
-98506
20860
-176647
21893
-102541
61711
19180
170062
-48586
-121284
8326
4240
106022
-58101
-146150
-188058
-117594
-46448
-107003
-50538
-3299
-115148
-152983
-192062
-38387
51505
-21220
178599
-135136
-197672
61339
-40136
4698
-90661
41172
124966
-198418
96269
171286
54955
125819
-169438
9799
39915
40433
127114
-20889
-117289
132259
65083
21169
-37655
-29801
56812
21398
99834
37900
67212
-131597
-186496
-20074
100299
-16021
45932
79192
-124850
-77878
-178894
-105670
56403
-194445
105535
187777
11809
14796
-163088
168750
53589
-91964
167482
-194553
18293
-131606
-25322
189397
-61966
-71045
35515
-154307
-51924
-199556
154554
-77924
-161319
-76993
106900
-89609
164360
-60882
-80331
8407
-143123
48422
-129247
64347
-191942
-124157
144276
-77421
-156452
186742
-132330
95800
-56327
3489
-167842
-113352
-32917
169289
44037
-31323
24755
76939
-162298
-136762
-165713
-35542
15839
48292
155387
-143907
6715
-78305
29442
122790
171282
-41490
-25261
-106107
53259
150454
-94850
32459
-148815
10524
-97874
-137332
117250
27950
52647
-38040
194185
171047
23631
-49269
-62123
172290
175560
-81650
-41228
-17096
135141
9787
-92029
-90487
-10319
-123405
53350
95066
-14370
51902
-9948
43537
-146497
-151333
-92516
35936
36079
-127774
-95143
20773
-138302
588
-184477
-69302
-154521
-129207
-17076
-160282
-15020
-2615
-125535
-188898
-46173
-154287
-179915
-4671
-195030
102968
-73354
39896
121717
-13055
-182813
-166540
92401
-97142
151448
115766
185798
23993
11737
122699
124772
115944
29609
-83233
8021
185604
-169020
37519
-2573
-39688
-197140
-31091
68582
-183613
117447
229
-89857
-110523
173332
-16988
14439
20078
-124334
78149
174404
80437
101858
-84019
-89407
2430
-6321
-147720
-46368
158396
45528
6218
72687
126152
-31280
-62347
-1111
-124095
-34402
155417
160368
-9449
35145
-95769
-7810
95053
10844
46912
132051
123396
55754
-43899
16077
138255
106911
118831
20563
-147918
165249
-59981
-194122
183371
-65670
-3267
-184200
-14646
112910
-17551
-77820
-121334
-61658
-14541
-5280
-150938
-94305
197005
183011
95276
126873
-40482
27378
137231
-193573
50414
-144855
75509
52650
39439
66179
-101695
-18092
-156334
133720
63087
163601
17912
80575
-182483
53537
-114406
-164021
-180839
99587
-116890
48049
17826
36736
94579
-13809
60992
41791
12034
-78320
-78493
-181441
46730
-162971
-31136
129401
169687
172447
-133027
162431
196897
-93080
79535
-116617
107163
-140090
76343
-49009
124367
129430
-192203
-46530
107916
122916
66039
-23940
-105837
18875
116042
128257
-135473
90626
132106
28065
-186633
-5195
-5992
-163785
-56587
178537
5374
-117796
17877
-143442
-86530
113760
86444
-50476
77299
138469
188085
194815
1138
105230
72062
-148005
152684
-151591
33802
-87600
-157770
-84494
-162357
36581
179865
-111356
-166293
87840
-148694
-19165
-138741
96201
77670
59188
-101279
-87389
-14755
129109
-12280
-115643
65717
-143745
-132902
-147903
101378
-195743
156851
-27263
-193183
34814
-115131
-152341
90107
-11373
-195123
-155339
18763
-138553
-269
8279
-86517
-98647
-26427
-198274
77963
129936
-140179
-65099
104451
-22640
36098
-110243
-2036
-96590
90184
-198579
-39763
11471
90958
80936
151769
141078
-7589
-84082
-152658
184451
105263
-75343
11352
42028
198662
120923
72099
2366
83276
-113451
-22082
31009
-173365
-74908
-152293
127220
5215
-106134
-187186
59049
-16491
-194816
-106201
192084
83552
-129158
-27284
-137977
-11432
85543
171674
26634
91729
142855
-60942
111021
32484
-19315
138805
137729
19701
34452
199415
136252
-148232
-73292
-6717
-119505
78824
-114784
192533
186545
-193680
65930
-33903
147875
-41827
116075
6933
13409
-127920
-31241
151998
48197
-94783
-146234
98247
199625
-181697
-61298
70735
75012
-55192
20714
-8207
-25027
104206
30755
-19623
-130600
-120461
-101693
129143
58807
-165236
-114488
-21650
-182801
-42772
-55986
182892
-107209
97347
-135616
-144277
170352
194484
-196221
18226
-96085
46119
79559
22576
-58601
-141507
16596
-168529
196478
-41361
85055
196432
-198909
-157566
37097
-55995
-62106
-161928
36993
-20531
-77391
111488
-49033
126316
13357
-185076
-178200
-147286
-179227
-31828
161629
-127476
-176849
15161
-64147
-36456
196915
-35812
-103670
69233
44383
-139096
57360
149816
121046
193430
-46461
-93055
161641
-185684
-49390
129318
64031
-145316
184901
47225
-178170
-101328
179467
-187226
60455
172348
-12513
75132
161536
125312
-125016
-120699
-181577
-80047
-83134
22232
30673
-96120
-176505
-23807
-50801
-174740
103638
192641
-83330
71940
-70257
-107224
-12799
-41601
-139351
-185018
-146300
168604
46048
107942
-21609
-173811
-79627
-153541
-61166
-50037
58269
-192114
134496
-98834
-104877
-2972
-57801
-80133
-6631
11107
98117
66905
-89989
81468
-183013
9027
-183923
155538
-704
-61245
21638
-63280
-33315
-76499
-166706
-198961
-157686
-98985
-156752
93393
-196813
153084
175592
149395
77533
161962
71609
-155168
122286
175084
102124
100103
99081
46855
-155664
-196192
180174
-179900
-79594
-151672
-64417
63185
-193371
145781
22408
19030
103937
31832
-14069
-34862
185501
-51162
59462
-21333
52607
112738
-7541
80526
-92785
52519
-67909
145494
99853
-70499
5171
-114910
84891
3564
141503
192776
160967
-139877
-139359
-110527
-38351
15042
53955
134626
87962
196011
-32960
-119727
-56830
-150898
117791
-188453
58415
163365
-17781
46225
125197
137163
-75356
-84166
93339
-111714
-157351
73505
134906
196277
-50520
-156981
89672
193119
111229
-10790
97979
-196071
-154444
153886
-50126
74769
115593
-132078
-1069
-170305
195093
-116851
12251
-3802
118205
32090
-49436
172461
43388
-19533
195113
-22720
61423
-119528
157929
-162873
191760
129050
51007
-125335
-20916
-112668
82276
-11901
52616
-148466
-159365
144356
-73666
-142813
114165
-161818
134975
-15184
176740
89930
-191162
178811
-105802
164905
151645
64608
-61781
136422
-197442
-121592
70967
175182
-120145
-179384
-124057
167138
-80282
20145
61662
81977
-15005
9387
123087
85990
-113001
-100268
-128252
-60023
-154659
192272
-102322
126101
-153046
-32395
-79074
-42243
-30477
-147936
-161398
-124366
-181158
84413
-193729
14843
-81674
-9160
191190
-44662
-59151
26949
-91641
38357
-92397
166549
142622
143590
5914
-64059
-136685
-158910
-29342
-178422
-34042
40038
157282
-24568
-26513
-91469
98636
90699
130411
-91362
25243
-40327
153119
153971
-100629
155192
16623
-134375
135753
-184644
154844
83258
165112
-17620
18614
-156654
70560
172232
72698
-30250
102904
38330
-44179
-194829
-134714
64965
168247
-174629
-77749
180381
-71822
163465
143026
-147724
137342
-136669
-156992
-33203
77891
65785
77928
-99128
-194550
-70994
164607
143127
-81566
191840
99509
-132924
46900
13852
113573
-195880
58813
-104543
115710
117574
-120598
-27372
59758
194505
15877
140279
52885
35805
98191
-125417
146264
35566
170237
-157414
-136135
140727
79387
-53739
195658
128511
-97697
8663
-95418
-106234
-71342
-156283
-131659
174322
68914
-199430
183802
133665
48606
75814
10985
62901
53856
27654
-150949
158293
-160219
-61345
-39332
146949
130657
109093
-21075
114145
198241
-19635
58988
118398
177199
-148837
-93350
-71616
-63075
134126
190295
199043
-39779
-54016
-41565
132277
-36088
108235
123855
69852
-19145
47554
-3727
138776
-63664
-177949
-142739
77432
-92003
171626
-61224
80340
-65426
190267
-142872
126902
-181828
54624
-178667
-153226
104379
-107425
-89586
31671
36312
-67768
-177601
121587
116321
124490
45242
-133874
-148821
151328
30376
181908
72250
-55421
48406
-17392
12356
-88691
-144325
-25235
-185439
148611
110241
192566
134644
61860
75566
163563
100520
-60880
-191637
51328
-88250
-90764
188630
-37615
112424
-47635
75424
97227
113772
134949
-167445
135803
-190016
139864
-158664
31441
166028
77676
152742
88523
-2998
-79672
73834
-66856
-192339
183232
147557
-101010
154968
-12667
-20634
-4267
96169
90298
-17476
-60593
199605
-67516
-105370
147053
-117772
83489
-142548
27181
-11846
-44551
-188933
117048
146716
32645
-44622
82834
-109623
-48804
-134382
113959
-127116
51219
-54002
-178421
184998
-133009
-106293
-111469
53305
54564
-94170
130948
170003
52100
-123775
-35292
195710
5703
92895
51342
-17368
91225
-42387
-172813
56619
154190
34584
-38045
-57078
-153225
-132787
-74481
109816
59653
20347
105050
-152024
55190
-116749
80648
-40698
-117293
-30095
-116609
-168561
-144779
150641
188817
-145793
78333
-147808
171314
-158080
19729
158892
17044
174039
95028
173941
87989
81660
-85477
-5354
-62221
-53717
148715
189679
109087
2513
168558
-123051
108777
166795
166482
-199320
-191557
180206
-193727
-196465
192651
-195922
104822
-52147
-179878
-96755
168991
53029
-150955
-198242
15551
-96163
-48285
-190783
-9693
-95763
66051
-81273
-175505
101419
78725
-27446
-144306
169906
113433
154888
-87516
119827
-95681
11662
-70570
25388
177480
26442
106753
-23669
-121748
193100
-179856
-33814
-99577
-112042
-64842
86612
66319
-128583
-133026
55488
45148
49151
178171
65904
-64876
114412
8113
-40450
68694
124134
-138528
34800
71392
56578
114565
8878
54474
97006
31728
10737
-72241
177851
115958
-126431
-82154
-177214
-151071
-147794
114785
-69693
-192634
-119400
-182509
164123
-134331
-184730
140759
-19513
105946
40721
74758
-70244
-19598
103331
-167839
39491
-78301
-92888
-154970
-141469
-83707
18505
-153592
185770
-78896
-18440
137412
142932
-187994
116671
-71008
173520
-5399
-122840
12534
176067
51845
183927
97310
92361
-150760
-170736
-64361
-178341
132954
-185152
-199763
171758
-159511
-37422
113592
87278
98929
11076
-15878
193608
-122965
138856
61945
133628
199301
-10061
-172644
-125808
-15898
-139834
27922
-144191
-48202
-27746
48106
-45964
177411
-89048
-9300
22627
50081
155419
-185488
68482
141393
-156937
162942
-191176
25566
-36150
-164656
82768
72777
96843
160622
-138836
31308
-72408
122133
-185343
189193
-11297
181426
53743
104524
-5896
3239
-88573
155442
-46760
46199
-89852
124384
-142317
191463
-57699
102347
-110996
157991
-116669
-175349
8784
5726
127981
144848
152084
-53037
131709
79180
48932
-125718
-118229
-178873
-53293
-89871
-142923
172917
-189304
65134
-57911
87520
-168558
57800
128043
-151817
112867
-167838
162822
-46886
-187139
-32816
108720
168194
-59861
-88932
56105
123456
111283
87491
-44529
-168471
52834
-132307
4311
-29641
-38508
110873
195084
61531
-162578
-154775
188938
148973
152975
149899
-192224
191462
-181290
-135945
151628
63290
124775
189589
179281
186812
7526
-173590
30943
-9024
-95235
-156535
101469
23305
160189
-150680
-128730
116431
-90922
80378
139661
34224
151602
52578
-142128
-41738
77578
-32178
100799
-172853
180698
164000
-44797
-37777
19828
91026
-138867
-25738
56019
-192111
176386
172648
28080
-99814
31017
-148647
-111590
-146990
-67185
-47154
-176557
-23205
-101314
-182946
47516
191073
108690
37251
-47549
-44992
187235
178784
64367
-1550
51829
74412
-146259
-179243
-174841
61594
-138090
157444
-129724
-104315
75575
-177313
-180089
-151761
-130909
172422
29227
-2744
-99535
-6093
70503
18592
-61939
92297
17234
-135535
121086
-81346
-32508
-115604
-181017
102732
147721
152657
15073
53366
-80674
-22666
13916
-113903
-29497
75630
-82112
147372
-179397
3964
-731
-77581
146063
-68170
191332
-167865
4188
-1673
-42
111486
-6470
-162150
-27934
161253
-7116
37677
173650
-129535
170367
74988
190092
-5132
-183188
44152
61660
-150957
172003
165345
-21225
-178065
-119635
142368
164900
-127839
-163169
157083
67752
-182980
174109
103884
40710
23664
-176824
114628
74141
110258
-4930
-81907
74640
181765
92454
114759
-131052
89644
101530
66809
-172810
-173267
-139961
24818
-128124
-165167
-54164
20657
39128
-139299
-165199
-166466
31155
106731
70957
167232
-58822
-139061
174330
-113721
105227
-2506
-12949
-98775
94770
95809
-183068
-91285
106053
-8911
126129
109472
45127
3397
8010
-70556
124306
178607
21300
-91872
102668
41334
-157607
119059
-15664
-197992
79817
-128432
-46313
84062
139770
-124705
-176487
-77369
-144003
-35309
155176
56317
139696
179879
-76458
66902
53708
-34102
181975
-54338
-19430
-51380
19812
105189
-104403
-122137
51172
153887
-97149
-156438
-9202
106652
182510
-56138
183235
-167874
-45589
83436
100314
-92593
-112872
76315
-125016
-172243
-14999
167554
-62414
34767
105184
-116721
35787
-139505
184731
-123995
68512
85855
-150307
198451
116089
169552
111095
-163723
20173
-14152
26774
-108851
-33082
-133327
-111956
102727
-185021
-113708
155228
113766
-133743
-3818
74035
34931
167812
-100146
189040
77293
-160996
-67056
-1007
-162396
173021
-181909
100238
86546
194089
-32456
-110851
144144
-151217
103105
-162747
-23852
-86681
80111
-24945
188792
-177276
-98850
140869
-53834
-11167
173744
-140432
-43565
17243
-9783
-132966
-194841
171147
-103347
110785
54034
37408
-41879
66372
-144028
83569
132874
-81021
126439
131158
179877
-87935
49338
66324
21487
-171588
-102346
125404
177382
-13465
-93827
-117465
94170
-59280
-26018
169578
62666
-133698
-80087
-33781
44840
45763
-69029
-16052
-90127
-94536
-63479
110917
56894
-118145
-197896
96785
188458
141815
175576
-41721
100086
172535
81204
179021
-34123
147691
-194523
-62263
-186636
-117364
149679
-74794
-153435
16319
11997
-157042
-134544
195603
-41180
162591
86771
-1951
-75045
-176107
69244
47095
-8399
57784
15777
-125732
-149443
-144266
51923
-61560
-197572
73932
95762
171236
196477
169996
3017
156439
44637
-96898
114215
120976
127195
-138421
129301
18002
78782
-84057
-93232
-19709
193714
-71866
-67130
137856
180814
119883
-76898
20992
-182996
-150593
-147480
-199835
194780
59801
-196771
79233
140104
23379
-113665
-75470
-43389
143784
-65685
-130695
164969
-106526
-63358
-95052
-94021
-12098
52371
123466
-145717
110894
-144360
122263
-35493
102335
115644
-106514
-36018
184515
15166
124993
-42921
-108731
-48040
-72296
-162386
183636
-116873
-62297
62215
21711
-97363
29686
-66100
140452
-124903
51280
-82345
135158
-117423
127389
12438
20059
174748
-166418
156662
42899
-68864
118615
20884
-119638
-155108
87552
154252
-167686
129736
-182974
-149745
-89543
110930
133318
127402
102389
-103193
-147672
-117928
-199494
-9960
36802
-9902
-45534
-161675
153335
-120614
-118624
150531
-130736
-40645
-162723
41933
-186643
-28375
-64694
76263
19379
-151091
-94991
147695
-67679
192595
31149
29385
59411
196739
187282
-156476
-65088
1262
78695
-100118
197212
-138431
175479
197567
-28812
173983
-130854
-184352
131082
9982
-161416
-53958
161708
-191301
199625
103527
23222
-94600
-124284
-127619
-121068
176260
118836
-42154
-54170
192978
-1284
71006
45923
13277
-157462
-12256
-83127
61270
83384
-70199
43594
63331
95713
-155460
-126735
-126908
18680
-169610
65521
75588
163215
-82930
-4910
-181181
-117787
75215
154513
64747
124045
-116326
182480
181159
157755
-120279
148593
27153
184587
-127724
-102725
186168
145083
-159413
186300
-112380
3524
-95101
-26406
-119538
-191353
-70754
5370
-189592
-97982
191669
-82277
-84651
-99296
107502
-115008
-4582
-83291
67940
-153934
168526
-194657
-92383
-55404
-71711
72800
126608
135523
-130041
-308
12540
155900
-157856
99949
-120959
193003
159746
48003
-174898
-74022
-123223
190334
158669
-51643
-98880
-197404
-43622
191870
-133428
-24977
158809
-166945
-57468
-67178
115670
-182257
-188098
-100751
-97835
58227
-65551
-120362
-23204
-175309
-14969
-14252
-95768
125957
-88576
-103830
-55833
-157678
99955
107457
-56043
-180602
-129643
-34688
66299
-199119
-143060
-23153
80477
-129674
48673
-136497
-67096
108232
22999
136526
1708
-108124
-13568
15492
-23290
47730
-60809
-161228
179277
117217
140395
174729
53181
65144
165913
196858
-123001
99871
-143234
146002
-95600
-5491
81668
-48602
175726
-65781
150450
-117816
-153678
-43081
-136662
145387
78540
70157
15040
132685
90490
151615
-72405
-187685
177400
-108671
-160935
157677
-146346
197754
-56440
-41595
50942
-30649
-79642
-2450
-7164
807
99393
-24048
5158
-139534
-69011
-186816
50853
155861
195601
-20226
65114
146882
21364
-19149
-10003
-30595
-99207
-145495
115149
11604
-180757
-149355
-66530
-172739
-17676
90966
115547
-191340
-4213
113524
-172266
71083
-61063
-83037
-50160
-13421
27404
57024
98086
185665
-163610
193066
47351
-120651
-107213
-165889
102359
78288
-11065
174620
-421
173977
-162824
144049
-61189
-199045
-122475
-48763
-4234
-59161
-81738
-12242
54823
-136700
-88490
-85447
67554
199279
24253
89898
148617
16283
89116
-119756
-114836
123134
102718
116550
115614
29624
-190038
60726
111898
-103328
142036
146257
1394
8551
23273
188198
-198237
130211
189709
17
20486
-175470
20396
153761
-120515
-19454
57437
-42384
-108741
83805
-89560
60206
-9107
-13514
129726
25234
65371
124470
190520
-64150
-30670
174002
-126670
-180617
72357
-2740
50243
-139269
-108748
147796
34122
-54094
161863
-24955
-25122
-110547
-40262
164142
-98268
175785
50114
-109360
6403
50392
-10574
30159
197268
-21115
143517
109988
114582
188741
141578
42807
154572
146015
-16775
-124167
-108449
177197
60966
-96359
-62193
-72522
-32595
53471
106808
145950
-95693
-174694
36423
-82083
-91957
-19242
120836
-95674
-4725
-108615
27597
-162341
92187
104739
55838
-61211
16347
81217
-69203
-112759
-46388
-77620
52923
-75238
-171891
81367
58198
-159588
-156563
-151609
155277
14117
-18710
-38751
17027
165421
-179379
-28277
31250
53149
105339
-19403
-65890
-113438
62571
32692
79333
-148113
113040
136282
7148
-178586
-88167
-110061
-115806
-32667
167731
158100
-73819
109169
12738
30529
-154735
-180372
10920
83043
-50098
90220
176146
130940
-150498
148083
-180507
28134
-181210
-155377
90634
-193211
57934
-112354
-198586
-193712
-26566
129533
-90943
24490
176189
-59603
22160
-149995
-196053
-11440
-48655
-55396
69019
-15136
-33386
-145976
-7744
-165332
71940
184281
160322
46833
-18279
-108895
-48376
-156969
186520
162063
-97931
8043
-150196
-98135
-131984
85546
-184904
-129935
16376
-154781
-80721
-171680
86076
-155928
116926
131010
83593
124122
-85086
91410
21734
-147466
170927
-11482
157840
139402
-20061
99813
143931
46943
-102382
-163566
-180185
28280
-30012
-79555
-181548
38837
38887
105248
64241
76096
-55325
-25672
-16289
156003
-146309
21888
50245
-141909
-77401
139524
-106668
-190816
-62419
157798
128418
130202
-42419
-185634
-65117
-31157
126473
85839
-10266
-133106
93052
-188376
62688
99201
-40880
-113530
96888
-58575
-24790
53678
82289
82524
116370
-31728
-142919
-145517
160128
37527
189689
-196719
-19921
-50754
108688
-63963
-111088
-166039
179612
-159858
36826
42601
-59474
-151380
133173
-29056
-172692
83066
-80072
-27598
123186
72394
-114916
102700
189314
9127
-156893
-63987
-151536
-84014
178082
162548
34192
89806
-129426
180428
-13429
172191
-46776
-115091
30703
60458
-100637
169830
-190127
-46417
-194771
-165294
-130472
-159026
-65648
88064
-63127
130020
-19986
176187
87953
-13999
78086
72944
-151390
-133668
118986
181296
48374
-113037
55200
28614
32107
147620
-55656
80126
-19382
196905
41545
117394
-66301
-95424
100092
-18538
142780
-145561
-32388
-147937
39558
-29507
58353
-194968
176565
-171286
165382
93148
-90177
-185780
-38009
121173
126165
-169919
-164730
78444
185110
-88472
195805
119871
-112120
-108683
177170
72439
175013
123495
-6713
85331
11013
-188012
139984
52129
-128150
-179771
37465
41871
-164101
167531
77095
7766
86308
-161226
194044
-144680
-168771
14257
-144967
-91953
13256
-189146
-153234
-91373
24516
-193311
-182013
114758
63649
129945
24000
-32845
-23823
4898
68476
-150638
-170095
-104195
122897
-74721
11387
1222
-79245
-65007
175723
-50353
-52229
156728
134193
-35129
190691
88629
40283
-88645
-20490
-8559
-112904
-3568
-2401
25878
-171773
-192757
-115145
-18857
-167577
103804
99320
-191657
58559
80591
-22836
182092
-153292
33422
-187525
-46781
52663
-133791
20542
-64551
135649
68554
-173753
163446
-195575
10654
159751
64308
-194692
-81879
-133430
27003
-84055
150845
-38151
68852
-52787
-4593
-101736
106362
126716
-191454
-47316
163285
-146052
-186116
16902
56574
47158
-115118
-88597
-17028
179985
-88588
-89549
151934
-64339
69246
-13962
41055
-53502
121376
65821
-14892
-33702
-167034
64245
69078
-158475
-112874
107309
19074
-1142
-20886
134440
-27956
130900
-89428
-153849
-101757
-148692
46917
-45543
88002
-117458
-155550
-81274
171011
-145653
36662
109531
150653
98020
113
-164392
-82460
-85765
-23027
-168475
79621
-86872
-85931
-171255
-39702
38285
-151922
-43439
