-199850 
-199835 
-199763 
-199763 
-199742 
-199637 
-199610 
-199607 
-199556 
-199550 
-199543 
-199494 
-199490 
-199431 
-199430 
-199410 
-199375 
-199320 
-199226 
-199149 
-199132 
-199121 
-199119 
-199113 
-199045 
-199037 
-199028 
-199002 
-198961 
-198950 
-198928 
-198909 
-198837 
-198811 
-198755 
-198727 
-198601 
-198586 
-198579 
-198474 
-198429 
-198418 
-198398 
-198334 
-198274 
-198242 
-198237 
-198206 
-198110 
-197992 
-197914 
-197896 
-197870 
-197721 
-197678 
-197672 
-197633 
-197632 
-197572 
-197570 
-197500 
-197495 
-197470 
-197463 
-197452 
-197442 
-197438 
-197432 
-197404 
-197393 
-197341 
-197334 
-197257 
-197204 
-197147 
-197140 
-197112 
-197092 
-197029 
-196908 
-196903 
-196813 
-196771 
-196719 
-196672 
-196536 
-196465 
-196375 
-196373 
-196365 
-196343 
-196342 
-196316 
-196315 
-196300 
-196275 
-196221 
-196200 
-196192 
-196145 
-196086 
-196071 
-196053 
-196029 
-195962 
-195922 
-195880 
-195818 
-195752 
-195743 
-195726 
-195708 
-195697 
-195650 
-195605 
-195575 
-195503 
-195498 
-195425 
-195387 
-195355 
-195303 
-195281 
-195250 
-195160 
-195158 
-195123 
-195039 
-195035 
-195030 
-195019 
-194968 
-194844 
-194841 
-194829 
-194816 
-194815 
-194771 
-194759 
-194699 
-194692 
-194672 
-194669 
-194657 
-194553 
-194550 
-194523 
-194506 
-194453 
-194445 
-194424 
-194405 
-194391 
-194379 
-194349 
-194260 
-194122 
-193883 
-193872 
-193853 
-193800 
-193750 
-193744 
-193729 
-193727 
-193712 
-193680 
-193625 
-193619 
-193573 
-193565 
-193522 
-193511 
-193433 
-193371 
-193344 
-193311 
-193273 
-193223 
-193221 
-193217 
-193216 
-193211 
-193211 
-193183 
-193170 
-193032 
-192838 
-192834 
-192757 
-192705 
-192688 
-192668 
-192634 
-192425 
-192339 
-192273 
-192268 
-192224 
-192211 
-192203 
-192182 
-192131 
-192120 
-192114 
-192111 
-192062 
-191955 
-191942 
-191786 
-191779 
-191657 
-191656 
-191640 
-191637 
-191602 
-191557 
-191507 
-191484 
-191455 
-191454 
-191451 
-191439 
-191437 
-191416 
-191414 
-191384 
-191353 
-191340 
-191311 
-191301 
-191273 
-191251 
-191176 
-191162 
-191113 
-191049 
-190946 
-190900 
-190885 
-190880 
-190816 
-190783 
-190727 
-190702 
-190701 
-190542 
-190522 
-190491 
-190470 
-190438 
-190371 
-190360 
-190307 
-190127 
-190038 
-190016 
-189986 
-189941 
-189939 
-189905 
-189847 
-189757 
-189736 
-189710 
-189696 
-189662 
-189639 
-189592 
-189583 
-189580 
-189569 
-189401 
-189325 
-189304 
-189236 
-189216 
-189182 
-189146 
-189085 
-188997 
-188996 
-188933 
-188900 
-188898 
-188746 
-188657 
-188588 
-188586 
-188524 
-188501 
-188453 
-188376 
-188325 
-188229 
-188217 
-188207 
-188199 
-188160 
-188123 
-188098 
-188076 
-188058 
-188012 
-187994 
-187915 
-187904 
-187797 
-187685 
-187602 
-187587 
-187530 
-187525 
-187477 
-187462 
-187377 
-187294 
-187264 
-187245 
-187226 
-187186 
-187139 
-187137 
-187127 
-187061 
-187018 
-186968 
-186816 
-186810 
-186764 
-186721 
-186643 
-186636 
-186633 
-186496 
-186463 
-186390 
-186265 
-186259 
-186222 
-186117 
-186116 
-186098 
-186096 
-186086 
-186014 
-185865 
-185806 
-185780 
-185771 
-185730 
-185684 
-185663 
-185634 
-185624 
-185508 
-185506 
-185488 
-185439 
-185381 
-185359 
-185350 
-185343 
-185224 
-185157 
-185152 
-185076 
-185021 
-185018 
-184966 
-184904 
-184883 
-184819 
-184792 
-184774 
-184769 
-184730 
-184713 
-184644 
-184607 
-184591 
-184487 
-184479 
-184477 
-184460 
-184369 
-184358 
-184352 
-184328 
-184200 
-184177 
-184125 
-184071 
-183981 
-183923 
-183894 
-183875 
-183872 
-183751 
-183735 
-183688 
-183613 
-183595 
-183325 
-183325 
-183321 
-183303 
-183287 
-183234 
-183191 
-183188 
-183138 
-183101 
-183101 
-183068 
-183066 
-183013 
-182996 
-182980 
-182979 
-182974 
-182946 
-182901 
-182813 
-182801 
-182706 
-182692 
-182666 
-182633 
-182556 
-182509 
-182483 
-182384 
-182350 
-182292 
-182257 
-182212 
-182095 
-182018 
-182013 
-182008 
-181996 
-181967 
-181909 
-181828 
-181801 
-181697 
-181627 
-181614 
-181577 
-181548 
-181441 
-181431 
-181290 
-181221 
-181210 
-181205 
-181197 
-181181 
-181161 
-181158 
-181112 
-181057 
-181041 
-181020 
-181017 
-180839 
-180824 
-180794 
-180773 
-180757 
-180716 
-180688 
-180654 
-180617 
-180602 
-180594 
-180551 
-180507 
-180479 
-180372 
-180361 
-180330 
-180223 
-180194 
-180185 
-180089 
-180043 
-180016 
-179915 
-179900 
-179878 
-179856 
-179771 
-179618 
-179505 
-179438 
-179429 
-179397 
-179385 
-179384 
-179379 
-179351 
-179336 
-179324 
-179320 
-179319 
-179301 
-179243 
-179231 
-179227 
-179218 
-179215 
-179113 
-179096 
-179086 
-179067 
-178984 
-178909 
-178894 
-178873 
-178795 
-178749 
-178744 
-178706 
-178667 
-178630 
-178586 
-178566 
-178539 
-178460 
-178422 
-178421 
-178341 
-178315 
-178299 
-178208 
-178200 
-178170 
-178109 
-178095 
-178066 
-178065 
-177949 
-177876 
-177873 
-177844 
-177836 
-177800 
-177724 
-177705 
-177686 
-177653 
-177645 
-177601 
-177582 
-177414 
-177405 
-177376 
-177344 
-177313 
-177295 
-177276 
-177259 
-177258 
-177223 
-177214 
-177180 
-177153 
-177095 
-176937 
-176933 
-176904 
-176849 
-176824 
-176811 
-176765 
-176665 
-176647 
-176646 
-176641 
-176634 
-176609 
-176601 
-176557 
-176505 
-176487 
-176475 
-176423 
-176418 
-176351 
-176341 
-176308 
-176296 
-176273 
-176240 
-176184 
-176107 
-176007 
-175818 
-175809 
-175666 
-175642 
-175610 
-175505 
-175470 
-175397 
-175383 
-175365 
-175357 
-175349 
-175309 
-175287 
-175271 
-175215 
-175171 
-175167 
-175102 
-175095 
-175055 
-175034 
-175009 
-174998 
-174985 
-174898 
-174841 
-174740 
-174697 
-174694 
-174631 
-174629 
-174525 
-174518 
-174334 
-174245 
-174181 
-174059 
-174011 
-174008 
-173941 
-173876 
-173811 
-173753 
-173656 
-173604 
-173590 
-173553 
-173517 
-173437 
-173365 
-173295 
-173290 
-173288 
-173287 
-173267 
-173265 
-173195 
-173090 
-173015 
-172983 
-172930 
-172876 
-172853 
-172813 
-172810 
-172765 
-172739 
-172722 
-172692 
-172644 
-172564 
-172361 
-172266 
-172243 
-172239 
-172202 
-172065 
-171935 
-171928 
-171891 
-171878 
-171781 
-171773 
-171769 
-171708 
-171680 
-171588 
-171540 
-171516 
-171410 
-171396 
-171358 
-171332 
-171327 
-171298 
-171286 
-171255 
-171250 
-171204 
-171103 
-171080 
-171078 
-171060 
-171050 
-171029 
-170923 
-170874 
-170870 
-170841 
-170824 
-170810 
-170736 
-170703 
-170649 
-170613 
-170611 
-170504 
-170342 
-170305 
-170230 
-170095 
-170008 
-169919 
-169711 
-169699 
-169644 
-169631 
-169610 
-169502 
-169438 
-169399 
-169360 
-169339 
-169331 
-169325 
-169286 
-169277 
-169251 
-169206 
-169146 
-169020 
-168923 
-168867 
-168824 
-168771 
-168768 
-168764 
-168680 
-168666 
-168561 
-168558 
-168557 
-168529 
-168475 
-168471 
-168450 
-168148 
-168116 
-168102 
-168023 
-168000 
-167874 
-167865 
-167852 
-167842 
-167842 
-167839 
-167838 
-167811 
-167804 
-167758 
-167730 
-167686 
-167670 
-167658 
-167577 
-167550 
-167514 
-167445 
-167395 
-167369 
-167326 
-167277 
-167220 
-167176 
-167161 
-167084 
-167078 
-167034 
-167009 
-166945 
-166851 
-166837 
-166706 
-166705 
-166600 
-166540 
-166520 
-166516 
-166466 
-166418 
-166346 
-166336 
-166293 
-166280 
-166278 
-166270 
-166187 
-166069 
-166040 
-166039 
-165975 
-165925 
-165905 
-165889 
-165864 
-165809 
-165713 
-165599 
-165577 
-165461 
-165332 
-165313 
-165294 
-165287 
-165257 
-165236 
-165221 
-165199 
-165179 
-165167 
-165131 
-165097 
-165014 
-164985 
-164977 
-164956 
-164875 
-164767 
-164730 
-164656 
-164553 
-164543 
-164415 
-164392 
-164370 
-164341 
-164273 
-164206 
-164101 
-164021 
-163906 
-163852 
-163848 
-163787 
-163785 
-163723 
-163636 
-163618 
-163610 
-163606 
-163571 
-163566 
-163551 
-163522 
-163379 
-163378 
-163368 
-163278 
-163169 
-163091 
-163088 
-163084 
-163076 
-162999 
-162984 
-162980 
-162971 
-162939 
-162894 
-162887 
-162873 
-162871 
-162824 
-162824 
-162823 
-162800 
-162797 
-162747 
-162745 
-162723 
-162697 
-162677 
-162667 
-162622 
-162578 
-162555 
-162543 
-162504 
-162418 
-162396 
-162386 
-162357 
-162341 
-162298 
-162237 
-162162 
-162150 
-161998 
-161928 
-161897 
-161818 
-161770 
-161767 
-161741 
-161704 
-161696 
-161696 
-161692 
-161690 
-161675 
-161604 
-161581 
-161577 
-161416 
-161414 
-161398 
-161392 
-161370 
-161370 
-161341 
-161319 
-161271 
-161237 
-161228 
-161226 
-161108 
-161089 
-161089 
-161046 
-161032 
-160996 
-160979 
-160935 
-160892 
-160866 
-160798 
-160785 
-160778 
-160771 
-160630 
-160593 
-160558 
-160522 
-160502 
-160500 
-160471 
-160309 
-160282 
-160219 
-160170 
-160115 
-159981 
-159949 
-159858 
-159763 
-159667 
-159620 
-159588 
-159514 
-159511 
-159505 
-159430 
-159413 
-159365 
-159290 
-159197 
-159165 
-159097 
-159064 
-159058 
-159057 
-159026 
-158972 
-158910 
-158829 
-158774 
-158774 
-158753 
-158717 
-158668 
-158664 
-158627 
-158502 
-158494 
-158475 
-158320 
-158276 
-158227 
-158080 
-157994 
-157981 
-157978 
-157973 
-157856 
-157787 
-157770 
-157686 
-157686 
-157678 
-157612 
-157607 
-157594 
-157587 
-157566 
-157563 
-157518 
-157464 
-157462 
-157451 
-157414 
-157390 
-157351 
-157237 
-157220 
-157202 
-157198 
-157194 
-157153 
-157137 
-157135 
-157122 
-157115 
-157063 
-157042 
-156992 
-156981 
-156969 
-156954 
-156937 
-156912 
-156893 
-156829 
-156783 
-156771 
-156752 
-156735 
-156711 
-156680 
-156654 
-156651 
-156576 
-156563 
-156535 
-156497 
-156476 
-156452 
-156438 
-156415 
-156354 
-156334 
-156283 
-156224 
-156201 
-156154 
-156055 
-156007 
-155931 
-155928 
-155681 
-155664 
-155647 
-155637 
-155570 
-155565 
-155563 
-155550 
-155535 
-155460 
-155377 
-155377 
-155358 
-155339 
-155168 
-155149 
-155108 
-154970 
-154908 
-154874 
-154835 
-154802 
-154781 
-154775 
-154754 
-154735 
-154716 
-154695 
-154673 
-154659 
-154647 
-154558 
-154521 
-154516 
-154448 
-154444 
-154375 
-154357 
-154307 
-154288 
-154287 
-154121 
-154094 
-154023 
-154017 
-153983 
-153934 
-153916 
-153849 
-153846 
-153701 
-153678 
-153649 
-153597 
-153592 
-153569 
-153567 
-153556 
-153541 
-153494 
-153435 
-153391 
-153292 
-153234 
-153226 
-153225 
-153153 
-153141 
-153046 
-152983 
-152930 
-152905 
-152903 
-152853 
-152835 
-152835 
-152790 
-152718 
-152713 
-152658 
-152658 
-152657 
-152530 
-152487 
-152472 
-152435 
-152363 
-152341 
-152341 
-152293 
-152253 
-152231 
-152216 
-152171 
-152080 
-152043 
-152037 
-152024 
-151940 
-151936 
-151922 
-151881 
-151880 
-151832 
-151817 
-151761 
-151745 
-151685 
-151672 
-151668 
-151609 
-151591 
-151591 
-151590 
-151586 
-151544 
-151536 
-151530 
-151447 
-151419 
-151390 
-151380 
-151375 
-151333 
-151274 
-151271 
-151234 
-151217 
-151156 
-151091 
-151071 
-151004 
-150967 
-150957 
-150955 
-150949 
-150939 
-150938 
-150915 
-150901 
-150898 
-150877 
-150760 
-150754 
-150725 
-150680 
-150651 
-150640 
-150638 
-150593 
-150498 
-150487 
-150371 
-150307 
-150257 
-150198 
-150196 
-150149 
-150117 
-150079 
-149995 
-149986 
-149892 
-149855 
-149852 
-149836 
-149805 
-149745 
-149732 
-149705 
-149677 
-149647 
-149567 
-149554 
-149450 
-149443 
-149431 
-149416 
-149396 
-149372 
-149355 
-149354 
-149296 
-149295 
-149291 
-149204 
-149185 
-149148 
-149121 
-149037 
-149022 
-148953 
-148945 
-148935 
-148911 
-148862 
-148837 
-148821 
-148815 
-148794 
-148764 
-148711 
-148694 
-148692 
-148678 
-148647 
-148642 
-148610 
-148609 
-148537 
-148466 
-148399 
-148398 
-148359 
-148315 
-148296 
-148232 
-148184 
-148143 
-148131 
-148123 
-148113 
-148077 
-148070 
-148061 
-148021 
-148005 
-147974 
-147937 
-147936 
-147918 
-147918 
-147912 
-147903 
-147901 
-147823 
-147808 
-147794 
-147786 
-147736 
-147724 
-147720 
-147672 
-147666 
-147657 
-147650 
-147480 
-147479 
-147471 
-147466 
-147443 
-147431 
-147400 
-147286 
-147171 
-147081 
-147079 
-146990 
-146759 
-146605 
-146589 
-146583 
-146497 
-146457 
-146372 
-146346 
-146344 
-146330 
-146309 
-146307 
-146300 
-146259 
-146234 
-146215 
-146202 
-146199 
-146184 
-146150 
-146102 
-146052 
-146006 
-145976 
-145935 
-145793 
-145775 
-145734 
-145725 
-145717 
-145653 
-145635 
-145611 
-145561 
-145522 
-145517 
-145514 
-145510 
-145495 
-145443 
-145416 
-145323 
-145316 
-145250 
-145245 
-145156 
-145095 
-145088 
-145086 
-144985 
-144967 
-144898 
-144855 
-144779 
-144680 
-144659 
-144495 
-144423 
-144405 
-144386 
-144360 
-144325 
-144306 
-144277 
-144266 
-144191 
-144146 
-144138 
-144089 
-144048 
-144028 
-144013 
-144011 
-144003 
-144002 
-144000 
-143991 
-143983 
-143976 
-143907 
-143745 
-143743 
-143649 
-143623 
-143518 
-143514 
-143511 
-143508 
-143498 
-143476 
-143442 
-143405 
-143331 
-143234 
-143123 
-143123 
-143106 
-143060 
-142983 
-142958 
-142923 
-142919 
-142872 
-142819 
-142813 
-142783 
-142739 
-142718 
-142717 
-142636 
-142602 
-142548 
-142465 
-142452 
-142337 
-142317 
-142301 
-142298 
-142285 
-142259 
-142183 
-142128 
-142067 
-142042 
-142041 
-142018 
-142000 
-141999 
-141924 
-141917 
-141909 
-141897 
-141889 
-141870 
-141820 
-141809 
-141715 
-141649 
-141559 
-141516 
-141507 
-141469 
-141403 
-141366 
-141314 
-141146 
-141086 
-140904 
-140839 
-140821 
-140747 
-140721 
-140706 
-140667 
-140545 
-140432 
-140360 
-140351 
-140272 
-140179 
-140165 
-140090 
-139983 
-139975 
-139972 
-139961 
-139877 
-139834 
-139690 
-139677 
-139624 
-139534 
-139530 
-139505 
-139473 
-139421 
-139359 
-139351 
-139328 
-139299 
-139279 
-139269 
-139264 
-139232 
-139096 
-139061 
-138867 
-138836 
-138776 
-138741 
-138730 
-138656 
-138553 
-138528 
-138519 
-138497 
-138449 
-138445 
-138431 
-138421 
-138311 
-138307 
-138302 
-138270 
-138216 
-138208 
-138201 
-138184 
-138175 
-138175 
-138090 
-138080 
-138052 
-138013 
-137985 
-137977 
-137804 
-137556 
-137336 
-137332 
-137261 
-137219 
-137125 
-137052 
-137023 
-136988 
-136948 
-136947 
-136941 
-136928 
-136902 
-136854 
-136794 
-136783 
-136776 
-136762 
-136755 
-136700 
-136685 
-136669 
-136667 
-136662 
-136615 
-136583 
-136561 
-136541 
-136497 
-136458 
-136445 
-136287 
-136229 
-136223 
-136218 
-136199 
-136185 
-136174 
-136158 
-136135 
-136091 
-136028 
-136027 
-136019 
-135945 
-135872 
-135866 
-135805 
-135798 
-135768 
-135762 
-135751 
-135703 
-135624 
-135616 
-135535 
-135516 
-135475 
-135473 
-135436 
-135326 
-135256 
-135247 
-135211 
-135210 
-135140 
-135136 
-135131 
-135047 
-135040 
-135021 
-134976 
-134968 
-134915 
-134894 
-134862 
-134832 
-134826 
-134817 
-134766 
-134728 
-134714 
-134696 
-134677 
-134571 
-134552 
-134548 
-134544 
-134485 
-134483 
-134467 
-134399 
-134382 
-134375 
-134331 
-134329 
-134178 
-134071 
-133897 
-133883 
-133874 
-133854 
-133804 
-133791 
-133743 
-133698 
-133697 
-133697 
-133668 
-133654 
-133613 
-133485 
-133430 
-133428 
-133412 
-133354 
-133335 
-133327 
-133297 
-133285 
-133258 
-133195 
-133171 
-133106 
-133027 
-133026 
-133009 
-132966 
-132966 
-132924 
-132902 
-132867 
-132865 
-132857 
-132831 
-132787 
-132785 
-132751 
-132659 
-132642 
-132632 
-132618 
-132533 
-132471 
-132372 
-132343 
-132330 
-132307 
-132263 
-132078 
-132049 
-132025 
-132020 
-131984 
-131913 
-131885 
-131794 
-131787 
-131745 
-131732 
-131659 
-131622 
-131606 
-131597 
-131588 
-131546 
-131520 
-131512 
-131434 
-131399 
-131338 
-131232 
-131226 
-131192 
-131149 
-131091 
-131052 
-130965 
-130909 
-130892 
-130854 
-130784 
-130783 
-130761 
-130736 
-130700 
-130695 
-130600 
-130593 
-130541 
-130483 
-130472 
-130471 
-130440 
-130302 
-130288 
-130164 
-130041 
-129935 
-129849 
-129832 
-129787 
-129740 
-129734 
-129724 
-129674 
-129643 
-129535 
-129482 
-129449 
-129426 
-129369 
-129340 
-129282 
-129247 
-129207 
-129194 
-129189 
-129181 
-129158 
-129122 
-128922 
-128889 
-128836 
-128805 
-128783 
-128730 
-128716 
-128647 
-128601 
-128583 
-128562 
-128540 
-128471 
-128432 
-128412 
-128346 
-128345 
-128286 
-128285 
-128252 
-128232 
-128150 
-128135 
-128124 
-128085 
-128033 
-128007 
-127958 
-127920 
-127839 
-127826 
-127813 
-127804 
-127774 
-127724 
-127657 
-127619 
-127531 
-127528 
-127476 
-127308 
-127207 
-127175 
-127119 
-127116 
-127094 
-127029 
-127014 
-126955 
-126912 
-126908 
-126898 
-126735 
-126735 
-126725 
-126717 
-126689 
-126677 
-126670 
-126629 
-126592 
-126466 
-126431 
-126414 
-126386 
-126357 
-126355 
-126344 
-126333 
-126333 
-126292 
-126213 
-126202 
-126185 
-126116 
-126086 
-126056 
-126037 
-125979 
-125880 
-125808 
-125732 
-125718 
-125679 
-125535 
-125517 
-125464 
-125419 
-125417 
-125404 
-125382 
-125377 
-125335 
-125323 
-125272 
-125214 
-125068 
-125029 
-125016 
-125016 
-125000 
-124922 
-124917 
-124903 
-124850 
-124799 
-124784 
-124750 
-124705 
-124582 
-124554 
-124546 
-124513 
-124410 
-124366 
-124342 
-124334 
-124306 
-124284 
-124170 
-124167 
-124157 
-124122 
-124095 
-124064 
-124057 
-124055 
-124049 
-123995 
-123869 
-123861 
-123857 
-123816 
-123800 
-123775 
-123734 
-123707 
-123595 
-123555 
-123550 
-123548 
-123463 
-123436 
-123405 
-123315 
-123223 
-123211 
-123176 
-123174 
-123051 
-123038 
-123001 
-122967 
-122965 
-122954 
-122946 
-122849 
-122840 
-122836 
-122802 
-122798 
-122797 
-122791 
-122778 
-122578 
-122475 
-122382 
-122326 
-122240 
-122198 
-122137 
-122063 
-122014 
-121891 
-121830 
-121829 
-121829 
-121784 
-121768 
-121748 
-121730 
-121695 
-121692 
-121592 
-121586 
-121494 
-121461 
-121436 
-121424 
-121334 
-121284 
-121249 
-121186 
-121068 
-121050 
-120959 
-120939 
-120936 
-120862 
-120852 
-120784 
-120747 
-120699 
-120654 
-120651 
-120625 
-120624 
-120616 
-120614 
-120605 
-120598 
-120596 
-120515 
-120461 
-120391 
-120362 
-120339 
-120279 
-120247 
-120244 
-120168 
-120145 
-120048 
-120047 
-120019 
-119946 
-119937 
-119878 
-119810 
-119756 
-119741 
-119727 
-119699 
-119638 
-119635 
-119632 
-119614 
-119538 
-119530 
-119528 
-119515 
-119505 
-119400 
-119395 
-119299 
-119214 
-119210 
-119109 
-119101 
-119097 
-119059 
-119049 
-118946 
-118850 
-118844 
-118817 
-118702 
-118664 
-118624 
-118612 
-118479 
-118229 
-118145 
-118119 
-117993 
-117928 
-117881 
-117816 
-117796 
-117796 
-117787 
-117772 
-117769 
-117602 
-117594 
-117525 
-117491 
-117465 
-117458 
-117423 
-117390 
-117364 
-117339 
-117298 
-117293 
-117289 
-117210 
-117125 
-117116 
-117094 
-117035 
-117001 
-116990 
-116985 
-116975 
-116973 
-116966 
-116908 
-116903 
-116890 
-116880 
-116878 
-116873 
-116851 
-116844 
-116829 
-116814 
-116786 
-116749 
-116721 
-116721 
-116701 
-116669 
-116657 
-116617 
-116609 
-116463 
-116448 
-116425 
-116385 
-116367 
-116353 
-116326 
-116291 
-116167 
-116138 
-115973 
-115961 
-115806 
-115804 
-115756 
-115709 
-115655 
-115643 
-115634 
-115632 
-115605 
-115604 
-115211 
-115197 
-115176 
-115148 
-115145 
-115134 
-115131 
-115130 
-115118 
-115091 
-115008 
-114996 
-114953 
-114916 
-114910 
-114857 
-114836 
-114796 
-114792 
-114784 
-114747 
-114725 
-114703 
-114663 
-114554 
-114538 
-114488 
-114436 
-114406 
-114384 
-114382 
-114261 
-114196 
-114175 
-114121 
-113994 
-113975 
-113953 
-113903 
-113896 
-113895 
-113873 
-113789 
-113759 
-113725 
-113723 
-113721 
-113708 
-113707 
-113675 
-113665 
-113627 
-113627 
-113623 
-113562 
-113558 
-113530 
-113510 
-113494 
-113461 
-113452 
-113451 
-113438 
-113352 
-113312 
-113267 
-113254 
-113238 
-113157 
-113153 
-113105 
-113095 
-113080 
-113080 
-113059 
-113057 
-113037 
-113036 
-113001 
-112964 
-112942 
-112904 
-112874 
-112872 
-112859 
-112817 
-112813 
-112759 
-112668 
-112610 
-112570 
-112508 
-112495 
-112435 
-112428 
-112398 
-112380 
-112361 
-112354 
-112354 
-112347 
-112190 
-112169 
-112120 
-112042 
-112000 
-111988 
-111956 
-111934 
-111769 
-111714 
-111695 
-111681 
-111675 
-111663 
-111621 
-111590 
-111522 
-111469 
-111466 
-111461 
-111432 
-111356 
-111344 
-111192 
-111183 
-111172 
-111124 
-111088 
-111072 
-110996 
-110929 
-110922 
-110851 
-110845 
-110808 
-110793 
-110785 
-110778 
-110758 
-110601 
-110547 
-110547 
-110527 
-110523 
-110480 
-110415 
-110385 
-110352 
-110277 
-110252 
-110246 
-110243 
-110176 
-110098 
-110061 
-110016 
-110004 
-109976 
-109976 
-109922 
-109766 
-109766 
-109736 
-109720 
-109697 
-109666 
-109660 
-109623 
-109607 
-109566 
-109559 
-109520 
-109503 
-109360 
-109330 
-109302 
-109215 
-109105 
-109061 
-109028 
-109000 
-108970 
-108956 
-108938 
-108910 
-108902 
-108900 
-108895 
-108855 
-108851 
-108763 
-108748 
-108741 
-108731 
-108688 
-108683 
-108671 
-108654 
-108615 
-108504 
-108458 
-108450 
-108449 
-108368 
-108288 
-108276 
-108252 
-108124 
-108118 
-108053 
-108030 
-107852 
-107736 
-107655 
-107619 
-107611 
-107541 
-107435 
-107425 
-107353 
-107319 
-107265 
-107241 
-107224 
-107213 
-107209 
-107197 
-107160 
-107106 
-107098 
-107062 
-107003 
-107000 
-107000 
-106809 
-106784 
-106697 
-106668 
-106526 
-106514 
-106508 
-106499 
-106475 
-106293 
-106242 
-106234 
-106201 
-106201 
-106134 
-106107 
-106083 
-105976 
-105969 
-105958 
-105925 
-105873 
-105837 
-105802 
-105670 
-105553 
-105466 
-105397 
-105397 
-105370 
-105350 
-105343 
-105263 
-105250 
-105205 
-105190 
-105123 
-105119 
-105049 
-104877 
-104847 
-104827 
-104649 
-104645 
-104543 
-104403 
-104393 
-104351 
-104346 
-104315 
-104259 
-104253 
-104213 
-104195 
-104177 
-104172 
-103993 
-103830 
-103825 
-103804 
-103768 
-103696 
-103687 
-103670 
-103500 
-103383 
-103380 
-103369 
-103347 
-103339 
-103328 
-103304 
-103261 
-103237 
-103226 
-103217 
-103193 
-103169 
-103144 
-103050 
-103046 
-102992 
-102870 
-102833 
-102813 
-102768 
-102744 
-102725 
-102678 
-102673 
-102541 
-102499 
-102442 
-102392 
-102382 
-102349 
-102346 
-102322 
-102262 
-102213 
-102212 
-102197 
-102135 
-102094 
-102063 
-101997 
-101757 
-101736 
-101695 
-101693 
-101422 
-101419 
-101328 
-101314 
-101301 
-101296 
-101279 
-101244 
-101231 
-101188 
-101071 
-101044 
-101010 
-100980 
-100867 
-100828 
-100825 
-100751 
-100744 
-100733 
-100709 
-100637 
-100629 
-100528 
-100497 
-100459 
-100406 
-100395 
-100358 
-100268 
-100196 
-100146 
-100122 
-100118 
-100062 
-100018 
-99992 
-99986 
-99978 
-99961 
-99887 
-99814 
-99774 
-99765 
-99745 
-99740 
-99697 
-99675 
-99627 
-99577 
-99568 
-99545 
-99535 
-99468 
-99458 
-99458 
-99385 
-99296 
-99278 
-99251 
-99249 
-99248 
-99245 
-99233 
-99208 
-99207 
-99189 
-99128 
-99077 
-99044 
-99005 
-99004 
-98985 
-98903 
-98880 
-98850 
-98842 
-98834 
-98808 
-98793 
-98775 
-98753 
-98647 
-98617 
-98609 
-98524 
-98506 
-98362 
-98334 
-98268 
-98243 
-98195 
-98185 
-98182 
-98135 
-98059 
-98002 
-97982 
-97949 
-97931 
-97874 
-97835 
-97698 
-97697 
-97627 
-97488 
-97411 
-97388 
-97363 
-97247 
-97243 
-97158 
-97149 
-97142 
-97131 
-97017 
-96944 
-96898 
-96817 
-96806 
-96768 
-96755 
-96693 
-96650 
-96590 
-96520 
-96391 
-96359 
-96347 
-96342 
-96341 
-96335 
-96262 
-96253 
-96180 
-96163 
-96120 
-96085 
-96076 
-96026 
-95964 
-95964 
-95932 
-95922 
-95881 
-95769 
-95768 
-95763 
-95693 
-95681 
-95674 
-95612 
-95605 
-95600 
-95424 
-95421 
-95418 
-95235 
-95163 
-95143 
-95107 
-95101 
-95088 
-95069 
-95052 
-95001 
-94994 
-94991 
-94986 
-94972 
-94850 
-94834 
-94783 
-94740 
-94621 
-94600 
-94550 
-94544 
-94536 
-94525 
-94519 
-94487 
-94417 
-94370 
-94366 
-94310 
-94305 
-94295 
-94291 
-94247 
-94186 
-94170 
-94095 
-94095 
-94062 
-94053 
-94021 
-93964 
-93907 
-93889 
-93862 
-93827 
-93727 
-93695 
-93627 
-93571 
-93565 
-93350 
-93317 
-93283 
-93278 
-93232 
-93195 
-93174 
-93112 
-93111 
-93080 
-93055 
-92964 
-92888 
-92876 
-92848 
-92799 
-92785 
-92779 
-92695 
-92674 
-92653 
-92593 
-92516 
-92446 
-92411 
-92405 
-92397 
-92383 
-92343 
-92312 
-92188 
-92126 
-92119 
-92045 
-92029 
-92020 
-92019 
-92003 
-91964 
-91957 
-91953 
-91926 
-91872 
-91840 
-91788 
-91751 
-91662 
-91641 
-91638 
-91606 
-91554 
-91526 
-91514 
-91511 
-91500 
-91497 
-91469 
-91446 
-91401 
-91391 
-91373 
-91362 
-91307 
-91285 
-91214 
-91210 
-91175 
-91165 
-91154 
-91082 
-91060 
-90943 
-90922 
-90841 
-90833 
-90764 
-90756 
-90743 
-90677 
-90665 
-90661 
-90627 
-90566 
-90543 
-90529 
-90502 
-90487 
-90319 
-90302 
-90292 
-90179 
-90177 
-90173 
-90169 
-90127 
-90119 
-90006 
-89989 
-89931 
-89907 
-89871 
-89857 
-89852 
-89840 
-89736 
-89656 
-89621 
-89609 
-89586 
-89560 
-89549 
-89543 
-89433 
-89428 
-89411 
-89407 
-89349 
-89256 
-89201 
-89185 
-89176 
-89143 
-89140 
-89090 
-89048 
-89021 
-88997 
-88996 
-88961 
-88932 
-88898 
-88826 
-88802 
-88794 
-88765 
-88697 
-88691 
-88645 
-88637 
-88597 
-88588 
-88588 
-88576 
-88573 
-88520 
-88490 
-88488 
-88472 
-88446 
-88400 
-88395 
-88389 
-88387 
-88373 
-88301 
-88250 
-88239 
-88167 
-88057 
-88039 
-88002 
-87935 
-87864 
-87828 
-87815 
-87809 
-87794 
-87659 
-87621 
-87616 
-87600 
-87588 
-87566 
-87516 
-87477 
-87389 
-87381 
-87334 
-87286 
-87274 
-87232 
-87215 
-87135 
-87082 
-86965 
-86926 
-86872 
-86810 
-86787 
-86689 
-86681 
-86669 
-86655 
-86545 
-86541 
-86530 
-86517 
-86475 
-86454 
-86263 
-86221 
-86148 
-85931 
-85879 
-85831 
-85799 
-85777 
-85765 
-85677 
-85606 
-85603 
-85598 
-85568 
-85547 
-85477 
-85473 
-85447 
-85434 
-85345 
-85177 
-85157 
-85124 
-85086 
-85046 
-84902 
-84756 
-84716 
-84651 
-84531 
-84494 
-84464 
-84455 
-84429 
-84424 
-84423 
-84326 
-84254 
-84166 
-84145 
-84126 
-84082 
-84057 
-84055 
-84019 
-84014 
-83913 
-83825 
-83784 
-83707 
-83685 
-83665 
-83489 
-83411 
-83407 
-83397 
-83346 
-83344 
-83330 
-83315 
-83291 
-83281 
-83233 
-83227 
-83214 
-83210 
-83138 
-83134 
-83127 
-83123 
-83037 
-83026 
-82992 
-82973 
-82966 
-82933 
-82931 
-82930 
-82901 
-82793 
-82781 
-82763 
-82750 
-82674 
-82512 
-82497 
-82492 
-82486 
-82460 
-82400 
-82345 
-82317 
-82300 
-82295 
-82292 
-82277 
-82227 
-82183 
-82154 
-82112 
-82083 
-82032 
-81907 
-81884 
-81879 
-81869 
-81813 
-81779 
-81745 
-81738 
-81708 
-81685 
-81674 
-81650 
-81635 
-81566 
-81558 
-81542 
-81500 
-81401 
-81346 
-81333 
-81280 
-81274 
-81273 
-81267 
-81188 
-81151 
-81124 
-81102 
-81102 
-81088 
-81021 
-80998 
-80985 
-80721 
-80697 
-80678 
-80674 
-80510 
-80491 
-80490 
-80433 
-80331 
-80293 
-80282 
-80257 
-80198 
-80184 
-80148 
-80143 
-80133 
-80099 
-80087 
-80072 
-80047 
-79948 
-79933 
-79778 
-79777 
-79739 
-79736 
-79704 
-79686 
-79672 
-79642 
-79627 
-79594 
-79557 
-79555 
-79521 
-79460 
-79451 
-79418 
-79384 
-79336 
-79316 
-79288 
-79256 
-79245 
-79221 
-79213 
-79134 
-79132 
-79074 
-79018 
-78986 
-78896 
-78636 
-78584 
-78514 
-78493 
-78490 
-78487 
-78481 
-78325 
-78323 
-78320 
-78305 
-78301 
-78245 
-78219 
-78120 
-78047 
-78043 
-77942 
-77930 
-77924 
-77906 
-77878 
-77820 
-77790 
-77779 
-77759 
-77749 
-77728 
-77714 
-77620 
-77581 
-77515 
-77485 
-77480 
-77443 
-77431 
-77421 
-77401 
-77395 
-77391 
-77387 
-77385 
-77369 
-77345 
-77324 
-77055 
-76993 
-76943 
-76908 
-76898 
-76857 
-76809 
-76678 
-76542 
-76500 
-76499 
-76461 
-76458 
-76421 
-76409 
-76268 
-76248 
-76235 
-76213 
-76185 
-76117 
-76030 
-75924 
-75888 
-75841 
-75827 
-75810 
-75652 
-75626 
-75582 
-75559 
-75538 
-75495 
-75483 
-75470 
-75395 
-75356 
-75343 
-75282 
-75277 
-75275 
-75238 
-75195 
-75113 
-75045 
-74908 
-74876 
-74853 
-74811 
-74794 
-74785 
-74775 
-74721 
-74602 
-74595 
-74501 
-74481 
-74453 
-74421 
-74271 
-74188 
-74048 
-74022 
-73960 
-73920 
-73834 
-73819 
-73812 
-73738 
-73666 
-73649 
-73537 
-73514 
-73471 
-73422 
-73421 
-73354 
-73292 
-73178 
-73169 
-73162 
-73067 
-73022 
-72894 
-72746 
-72729 
-72680 
-72624 
-72619 
-72597 
-72522 
-72432 
-72408 
-72405 
-72359 
-72331 
-72331 
-72296 
-72241 
-72240 
-72174 
-72127 
-72071 
-72048 
-71866 
-71866 
-71864 
-71862 
-71849 
-71822 
-71740 
-71711 
-71708 
-71692 
-71653 
-71616 
-71566 
-71363 
-71356 
-71349 
-71342 
-71270 
-71045 
-71008 
-70994 
-70990 
-70988 
-70942 
-70925 
-70770 
-70768 
-70754 
-70754 
-70709 
-70651 
-70634 
-70634 
-70633 
-70630 
-70613 
-70578 
-70570 
-70556 
-70544 
-70520 
-70499 
-70407 
-70353 
-70325 
-70317 
-70257 
-70244 
-70220 
-70220 
-70199 
-70170 
-70147 
-69791 
-69786 
-69693 
-69666 
-69629 
-69624 
-69602 
-69578 
-69533 
-69516 
-69418 
-69302 
-69238 
-69203 
-69146 
-69140 
-69089 
-69060 
-69043 
-69029 
-69021 
-69011 
-68931 
-68884 
-68883 
-68864 
-68814 
-68600 
-68565 
-68499 
-68449 
-68442 
-68369 
-68284 
-68170 
-68167 
-68009 
-67993 
-67987 
-67962 
-67917 
-67909 
-67882 
-67838 
-67825 
-67819 
-67786 
-67779 
-67768 
-67679 
-67646 
-67574 
-67544 
-67516 
-67484 
-67475 
-67466 
-67388 
-67326 
-67185 
-67178 
-67130 
-67109 
-67096 
-67079 
-67056 
-67001 
-66998 
-66955 
-66894 
-66856 
-66853 
-66750 
-66731 
-66688 
-66671 
-66530 
-66511 
-66480 
-66445 
-66421 
-66301 
-66294 
-66244 
-66168 
-66140 
-66100 
-66046 
-65927 
-65890 
-65870 
-65805 
-65781 
-65768 
-65767 
-65715 
-65685 
-65670 
-65651 
-65648 
-65622 
-65551 
-65442 
-65430 
-65426 
-65424 
-65352 
-65195 
-65117 
-65114 
-65111 
-65099 
-65088 
-65027 
-65007 
-64922 
-64876 
-64842 
-64761 
-64713 
-64694 
-64638 
-64637 
-64628 
-64625 
-64603 
-64603 
-64551 
-64417 
-64394 
-64368 
-64361 
-64357 
-64339 
-64191 
-64188 
-64150 
-64147 
-64059 
-64046 
-64041 
-63987 
-63963 
-63949 
-63934 
-63766 
-63756 
-63752 
-63676 
-63664 
-63603 
-63567 
-63561 
-63513 
-63508 
-63479 
-63368 
-63358 
-63310 
-63309 
-63280 
-63194 
-63187 
-63185 
-63185 
-63127 
-63075 
-63029 
-63002 
-62860 
-62756 
-62690 
-62676 
-62673 
-62671 
-62623 
-62453 
-62444 
-62419 
-62414 
-62401 
-62399 
-62347 
-62309 
-62297 
-62263 
-62221 
-62193 
-62137 
-62123 
-62106 
-62091 
-62002 
-61983 
-61966 
-61939 
-61857 
-61781 
-61781 
-61746 
-61688 
-61658 
-61629 
-61560 
-61518 
-61497 
-61345 
-61344 
-61328 
-61315 
-61298 
-61273 
-61265 
-61258 
-61251 
-61245 
-61224 
-61211 
-61190 
-61189 
-61166 
-61063 
-60964 
-60951 
-60942 
-60888 
-60882 
-60880 
-60848 
-60846 
-60809 
-60806 
-60803 
-60705 
-60661 
-60617 
-60593 
-60582 
-60555 
-60535 
-60534 
-60462 
-60275 
-60271 
-60261 
-60078 
-60064 
-60042 
-60023 
-59981 
-59974 
-59942 
-59861 
-59859 
-59792 
-59734 
-59664 
-59653 
-59603 
-59474 
-59412 
-59389 
-59371 
-59310 
-59280 
-59217 
-59161 
-59151 
-59060 
-58979 
-58956 
-58856 
-58822 
-58774 
-58704 
-58645 
-58624 
-58619 
-58601 
-58601 
-58584 
-58575 
-58329 
-58218 
-58204 
-58182 
-58167 
-58106 
-58101 
-58081 
-58028 
-57983 
-57948 
-57916 
-57911 
-57801 
-57699 
-57589 
-57538 
-57524 
-57522 
-57468 
-57399 
-57219 
-57186 
-57166 
-57078 
-57054 
-57050 
-56936 
-56884 
-56875 
-56830 
-56795 
-56765 
-56763 
-56758 
-56610 
-56587 
-56579 
-56482 
-56440 
-56438 
-56393 
-56359 
-56327 
-56289 
-56217 
-56199 
-56196 
-56147 
-56138 
-56091 
-56043 
-55995 
-55986 
-55940 
-55864 
-55834 
-55833 
-55816 
-55800 
-55786 
-55779 
-55656 
-55631 
-55597 
-55562 
-55559 
-55533 
-55484 
-55421 
-55404 
-55396 
-55326 
-55325 
-55192 
-55178 
-55093 
-55040 
-54910 
-54880 
-54880 
-54852 
-54824 
-54790 
-54694 
-54688 
-54670 
-54654 
-54635 
-54590 
-54513 
-54500 
-54458 
-54423 
-54413 
-54367 
-54338 
-54173 
-54170 
-54164 
-54094 
-54079 
-54064 
-54035 
-54016 
-54014 
-54002 
-54000 
-53958 
-53911 
-53897 
-53863 
-53855 
-53834 
-53739 
-53721 
-53717 
-53665 
-53649 
-53637 
-53594 
-53502 
-53459 
-53414 
-53359 
-53298 
-53293 
-53274 
-53172 
-53137 
-53072 
-53037 
-53018 
-52973 
-52796 
-52787 
-52711 
-52637 
-52476 
-52308 
-52229 
-52198 
-52182 
-52147 
-51924 
-51890 
-51643 
-51613 
-51468 
-51462 
-51381 
-51380 
-51290 
-51162 
-51080 
-51069 
-51026 
-51017 
-51001 
-50997 
-50965 
-50935 
-50876 
-50846 
-50801 
-50754 
-50719 
-50704 
-50703 
-50696 
-50560 
-50538 
-50533 
-50520 
-50476 
-50407 
-50381 
-50353 
-50319 
-50309 
-50232 
-50187 
-50160 
-50127 
-50126 
-50124 
-50098 
-50037 
-49884 
-49829 
-49804 
-49713 
-49673 
-49600 
-49540 
-49493 
-49487 
-49483 
-49452 
-49436 
-49433 
-49423 
-49397 
-49390 
-49389 
-49290 
-49269 
-49269 
-49097 
-49093 
-49041 
-49038 
-49033 
-49032 
-49027 
-49014 
-49009 
-48982 
-48968 
-48966 
-48944 
-48893 
-48889 
-48849 
-48804 
-48763 
-48655 
-48654 
-48602 
-48586 
-48526 
-48394 
-48393 
-48376 
-48285 
-48237 
-48230 
-48202 
-48172 
-48155 
-48079 
-48074 
-48040 
-47983 
-47882 
-47811 
-47799 
-47767 
-47739 
-47703 
-47657 
-47635 
-47549 
-47519 
-47441 
-47372 
-47316 
-47300 
-47203 
-47198 
-47172 
-47154 
-47085 
-47062 
-47025 
-46932 
-46886 
-46817 
-46781 
-46776 
-46764 
-46760 
-46695 
-46620 
-46614 
-46530 
-46525 
-46507 
-46498 
-46461 
-46455 
-46448 
-46417 
-46388 
-46368 
-46338 
-46332 
-46323 
-46313 
-46216 
-46173 
-46085 
-45964 
-45921 
-45890 
-45843 
-45823 
-45692 
-45653 
-45627 
-45618 
-45589 
-45581 
-45543 
-45542 
-45534 
-45472 
-45462 
-45425 
-45421 
-45337 
-45264 
-45238 
-45169 
-45058 
-45005 
-44992 
-44985 
-44936 
-44806 
-44797 
-44703 
-44699 
-44666 
-44662 
-44622 
-44605 
-44568 
-44566 
-44551 
-44537 
-44530 
-44529 
-44438 
-44261 
-44260 
-44248 
-44202 
-44200 
-44179 
-44159 
-44156 
-44150 
-44044 
-44020 
-43992 
-43909 
-43899 
-43711 
-43622 
-43579 
-43576 
-43565 
-43541 
-43439 
-43436 
-43389 
-43340 
-43298 
-43211 
-43210 
-43196 
-43192 
-43184 
-43182 
-43143 
-43128 
-43083 
-43081 
-43077 
-42930 
-42921 
-42886 
-42772 
-42770 
-42754 
-42703 
-42667 
-42647 
-42467 
-42462 
-42456 
-42419 
-42415 
-42387 
-42384 
-42318 
-42317 
-42266 
-42243 
-42190 
-42154 
-41985 
-41951 
-41897 
-41879 
-41842 
-41827 
-41768 
-41739 
-41738 
-41721 
-41659 
-41646 
-41601 
-41595 
-41581 
-41565 
-41490 
-41388 
-41361 
-41240 
-41228 
-41217 
-41193 
-41180 
-41153 
-41151 
-41100 
-40880 
-40850 
-40800 
-40788 
-40770 
-40763 
-40727 
-40698 
-40645 
-40643 
-40617 
-40594 
-40496 
-40495 
-40493 
-40482 
-40460 
-40450 
-40392 
-40328 
-40327 
-40288 
-40262 
-40136 
-40045 
-39985 
-39918 
-39779 
-39779 
-39763 
-39740 
-39724 
-39702 
-39688 
-39666 
-39394 
-39343 
-39332 
-39324 
-39252 
-39218 
-39141 
-39034 
-39025 
-39020 
-38978 
-38950 
-38901 
-38802 
-38751 
-38750 
-38636 
-38595 
-38519 
-38508 
-38502 
-38435 
-38387 
-38351 
-38348 
-38280 
-38268 
-38180 
-38151 
-38083 
-38045 
-38040 
-38014 
-38009 
-37967 
-37944 
-37800 
-37777 
-37740 
-37721 
-37663 
-37655 
-37617 
-37615 
-37615 
-37579 
-37431 
-37422 
-37378 
-37307 
-37244 
-37216 
-37188 
-37128 
-37105 
-36989 
-36978 
-36971 
-36916 
-36910 
-36678 
-36654 
-36630 
-36590 
-36518 
-36479 
-36464 
-36456 
-36343 
-36306 
-36292 
-36179 
-36150 
-36117 
-36088 
-36070 
-36018 
-35919 
-35905 
-35882 
-35865 
-35812 
-35792 
-35719 
-35671 
-35542 
-35493 
-35476 
-35455 
-35430 
-35420 
-35349 
-35309 
-35292 
-35267 
-35242 
-35129 
-34872 
-34862 
-34823 
-34814 
-34784 
-34688 
-34675 
-34641 
-34489 
-34417 
-34411 
-34405 
-34402 
-34393 
-34369 
-34362 
-34318 
-34268 
-34263 
-34163 
-34123 
-34115 
-34102 
-34088 
-34079 
-34042 
-33912 
-33903 
-33897 
-33884 
-33852 
-33814 
-33806 
-33781 
-33715 
-33702 
-33588 
-33540 
-33510 
-33386 
-33372 
-33315 
-33203 
-33186 
-33106 
-33082 
-33063 
-32985 
-32964 
-32960 
-32917 
-32845 
-32816 
-32762 
-32702 
-32667 
-32651 
-32620 
-32601 
-32595 
-32567 
-32557 
-32517 
-32508 
-32503 
-32456 
-32417 
-32408 
-32400 
-32395 
-32388 
-32305 
-32256 
-32247 
-32241 
-32178 
-32129 
-32004 
-31998 
-31937 
-31828 
-31760 
-31728 
-31727 
-31724 
-31712 
-31686 
-31669 
-31641 
-31641 
-31565 
-31505 
-31493 
-31434 
-31376 
-31374 
-31355 
-31323 
-31280 
-31242 
-31241 
-31213 
-31202 
-31178 
-31157 
-31148 
-31136 
-31109 
-31091 
-31089 
-31084 
-31031 
-30979 
-30897 
-30820 
-30727 
-30718 
-30670 
-30649 
-30595 
-30477 
-30476 
-30391 
-30335 
-30311 
-30250 
-30095 
-30012 
-29998 
-29818 
-29810 
-29801 
-29699 
-29680 
-29674 
-29641 
-29547 
-29507 
-29497 
-29342 
-29204 
-29177 
-29056 
-29019 
-29013 
-28967 
-28817 
-28812 
-28760 
-28693 
-28675 
-28574 
-28519 
-28510 
-28458 
-28432 
-28421 
-28409 
-28375 
-28372 
-28331 
-28277 
-28258 
-28241 
-28234 
-28166 
-28158 
-28145 
-28097 
-28083 
-27956 
-27945 
-27934 
-27934 
-27832 
-27812 
-27756 
-27746 
-27682 
-27661 
-27598 
-27575 
-27446 
-27372 
-27331 
-27284 
-27263 
-27224 
-27222 
-27148 
-27083 
-27083 
-26856 
-26834 
-26804 
-26792 
-26755 
-26751 
-26733 
-26712 
-26700 
-26634 
-26582 
-26566 
-26564 
-26513 
-26482 
-26480 
-26472 
-26427 
-26427 
-26406 
-26395 
-26270 
-26223 
-26198 
-26168 
-26030 
-26018 
-25905 
-25864 
-25761 
-25757 
-25753 
-25738 
-25730 
-25717 
-25679 
-25672 
-25442 
-25356 
-25336 
-25322 
-25291 
-25261 
-25251 
-25235 
-25223 
-25162 
-25159 
-25142 
-25122 
-25027 
-24995 
-24977 
-24955 
-24945 
-24928 
-24903 
-24875 
-24852 
-24793 
-24790 
-24644 
-24642 
-24568 
-24556 
-24548 
-24542 
-24518 
-24513 
-24511 
-24472 
-24469 
-24417 
-24361 
-24305 
-24269 
-24268 
-24262 
-24120 
-24115 
-24093 
-24073 
-24052 
-24048 
-23946 
-23940 
-23927 
-23905 
-23898 
-23852 
-23823 
-23823 
-23815 
-23807 
-23793 
-23702 
-23669 
-23538 
-23466 
-23426 
-23424 
-23346 
-23290 
-23267 
-23248 
-23222 
-23205 
-23204 
-23153 
-23066 
-23050 
-23027 
-23009 
-22982 
-22902 
-22836 
-22763 
-22747 
-22720 
-22666 
-22660 
-22640 
-22627 
-22531 
-22419 
-22413 
-22393 
-22341 
-22317 
-22314 
-22300 
-22291 
-22171 
-22170 
-22152 
-22136 
-22082 
-22076 
-21968 
-21967 
-21888 
-21863 
-21787 
-21754 
-21691 
-21650 
-21609 
-21586 
-21511 
-21460 
-21333 
-21225 
-21220 
-21115 
-21075 
-21051 
-20916 
-20889 
-20886 
-20812 
-20695 
-20658 
-20634 
-20600 
-20558 
-20541 
-20531 
-20490 
-20489 
-20448 
-20445 
-20443 
-20440 
-20402 
-20398 
-20331 
-20226 
-20194 
-20186 
-20103 
-20074 
-20061 
-20012 
-19986 
-19940 
-19928 
-19921 
-19906 
-19789 
-19780 
-19774 
-19719 
-19718 
-19709 
-19698 
-19657 
-19635 
-19623 
-19598 
-19533 
-19513 
-19454 
-19430 
-19403 
-19383 
-19382 
-19342 
-19327 
-19315 
-19242 
-19204 
-19165 
-19149 
-19145 
-19132 
-19118 
-19037 
-18968 
-18857 
-18843 
-18796 
-18759 
-18716 
-18710 
-18710 
-18681 
-18680 
-18647 
-18609 
-18602 
-18538 
-18453 
-18440 
-18282 
-18279 
-18221 
-18092 
-17984 
-17945 
-17868 
-17781 
-17701 
-17699 
-17676 
-17646 
-17620 
-17590 
-17576 
-17572 
-17571 
-17551 
-17476 
-17392 
-17384 
-17372 
-17368 
-17357 
-17311 
-17279 
-17209 
-17158 
-17096 
-17076 
-17058 
-17046 
-17028 
-16988 
-16967 
-16910 
-16875 
-16873 
-16775 
-16770 
-16766 
-16710 
-16602 
-16494 
-16491 
-16448 
-16444 
-16334 
-16289 
-16277 
-16170 
-16052 
-16044 
-16021 
-15981 
-15925 
-15900 
-15898 
-15878 
-15867 
-15736 
-15728 
-15664 
-15629 
-15599 
-15563 
-15559 
-15513 
-15440 
-15386 
-15385 
-15289 
-15240 
-15218 
-15207 
-15195 
-15184 
-15136 
-15124 
-15086 
-15054 
-15020 
-15005 
-14999 
-14996 
-14969 
-14895 
-14892 
-14759 
-14755 
-14646 
-14640 
-14617 
-14592 
-14576 
-14560 
-14541 
-14495 
-14448 
-14417 
-14394 
-14370 
-14260 
-14252 
-14205 
-14187 
-14152 
-14069 
-14036 
-13999 
-13962 
-13820 
-13809 
-13673 
-13672 
-13637 
-13633 
-13630 
-13621 
-13589 
-13568 
-13566 
-13553 
-13523 
-13514 
-13465 
-13429 
-13421 
-13407 
-13381 
-13297 
-13229 
-13170 
-13160 
-13152 
-13081 
-13066 
-13055 
-13034 
-13001 
-12949 
-12938 
-12893 
-12811 
-12799 
-12730 
-12717 
-12709 
-12698 
-12667 
-12571 
-12563 
-12525 
-12513 
-12507 
-12449 
-12431 
-12398 
-12280 
-12259 
-12256 
-12242 
-12239 
-12152 
-12098 
-12029 
-11941 
-11901 
-11846 
-11839 
-11809 
-11777 
-11760 
-11736 
-11721 
-11641 
-11636 
-11552 
-11546 
-11482 
-11440 
-11432 
-11424 
-11424 
-11378 
-11373 
-11348 
-11305 
-11297 
-11269 
-11227 
-11193 
-11167 
-11143 
-11130 
-11129 
-11097 
-11065 
-10960 
-10904 
-10826 
-10790 
-10742 
-10574 
-10547 
-10542 
-10540 
-10497 
-10479 
-10387 
-10319 
-10302 
-10266 
-10230 
-10218 
-10214 
-10163 
-10105 
-10061 
-10003 
-9960 
-9948 
-9902 
-9889 
-9879 
-9840 
-9837 
-9832 
-9827 
-9783 
-9762 
-9693 
-9689 
-9613 
-9561 
-9556 
-9449 
-9445 
-9367 
-9352 
-9300 
-9259 
-9257 
-9203 
-9202 
-9160 
-9156 
-9107 
-9087 
-9069 
-9024 
-9022 
-8967 
-8952 
-8917 
-8911 
-8865 
-8850 
-8841 
-8754 
-8633 
-8612 
-8559 
-8519 
-8414 
-8399 
-8346 
-8332 
-8306 
-8305 
-8207 
-8119 
-8104 
-8087 
-7974 
-7941 
-7928 
-7836 
-7830 
-7817 
-7810 
-7769 
-7744 
-7734 
-7699 
-7690 
-7589 
-7565 
-7551 
-7541 
-7541 
-7402 
-7394 
-7164 
-7130 
-7116 
-7090 
-7039 
-7031 
-7015 
-6984 
-6952 
-6898 
-6777 
-6717 
-6713 
-6678 
-6631 
-6619 
-6591 
-6584 
-6572 
-6555 
-6530 
-6518 
-6470 
-6321 
-6318 
-6317 
-6284 
-6189 
-6162 
-6109 
-6093 
-6072 
-6047 
-6031 
-6000 
-5992 
-5926 
-5896 
-5851 
-5850 
-5824 
-5746 
-5721 
-5720 
-5491 
-5399 
-5360 
-5354 
-5345 
-5292 
-5280 
-5231 
-5195 
-5172 
-5132 
-5043 
-4930 
-4910 
-4856 
-4785 
-4725 
-4671 
-4669 
-4593 
-4582 
-4342 
-4298 
-4275 
-4272 
-4267 
-4234 
-4213 
-4202 
-4158 
-4012 
-4003 
-3890 
-3885 
-3853 
-3835 
-3818 
-3802 
-3795 
-3727 
-3724 
-3568 
-3356 
-3299 
-3267 
-3185 
-3153 
-3004 
-2998 
-2978 
-2972 
-2971 
-2940 
-2763 
-2744 
-2740 
-2615 
-2599 
-2573 
-2544 
-2506 
-2450 
-2437 
-2401 
-2397 
-2341 
-2249 
-2154 
-2128 
-2085 
-2036 
-2026 
-1996 
-1951 
-1936 
-1917 
-1851 
-1819 
-1739 
-1673 
-1616 
-1550 
-1524 
-1498 
-1457 
-1438 
-1397 
-1338 
-1315 
-1284 
-1244 
-1180 
-1173 
-1142 
-1111 
-1069 
-1067 
-1056 
-1052 
-1048 
-1041 
-1018 
-1007 
-944 
-907 
-890 
-816 
-777 
-771 
-731 
-704 
-670 
-640 
-605 
-518 
-454 
-421 
-354 
-348 
-327 
-308 
-277 
-276 
-269 
-184 
-180 
-124 
-118 
-60 
-57 
-45 
-42 
-37 
17 
41 
88 
113 
156 
172 
193 
229 
309 
357 
417 
462 
588 
625 
629 
728 
807 
870 
885 
1007 
1085 
1138 
1173 
1222 
1262 
1286 
1380 
1394 
1498 
1571 
1636 
1671 
1706 
1708 
1904 
1925 
1948 
1959 
1966 
1997 
2158 
2195 
2312 
2339 
2366 
2405 
2410 
2413 
2430 
2513 
2595 
2612 
2647 
2718 
2874 
2912 
2995 
3017 
3066 
3138 
3207 
3235 
3236 
3239 
3397 
3489 
3524 
3564 
3578 
3590 
3654 
3773 
3775 
3849 
3907 
3964 
4114 
4123 
4170 
4188 
4240 
4273 
4311 
4457 
4480 
4528 
4566 
4593 
4603 
4633 
4642 
4653 
4689 
4698 
4714 
4898 
4916 
4953 
4982 
5003 
5123 
5158 
5171 
5214 
5215 
5256 
5266 
5276 
5311 
5318 
5370 
5374 
5393 
5444 
5569 
5595 
5703 
5706 
5726 
5739 
5780 
5914 
5918 
5924 
5999 
6033 
6045 
6054 
6091 
6096 
6122 
6218 
6247 
6391 
6403 
6435 
6468 
6475 
6498 
6562 
6651 
6715 
6728 
6797 
6894 
6933 
6952 
6953 
7032 
7038 
7054 
7065 
7148 
7168 
7204 
7274 
7379 
7449 
7526 
7539 
7579 
7613 
7624 
7669 
7736 
7766 
7773 
7781 
7797 
7843 
7877 
7977 
8010 
8021 
8027 
8043 
8112 
8113 
8211 
8262 
8279 
8326 
8364 
8380 
8407 
8470 
8495 
8551 
8604 
8663 
8731 
8765 
8767 
8784 
8831 
8843 
8878 
8946 
8987 
8999 
9004 
9027 
9105 
9118 
9127 
9192 
9213 
9238 
9242 
9320 
9387 
9513 
9542 
9630 
9668 
9775 
9787 
9799 
9866 
9905 
9912 
9959 
9977 
9982 
10028 
10034 
10047 
10169 
10226 
10249 
10272 
10282 
10469 
10524 
10654 
10677 
10699 
10707 
10737 
10743 
10831 
10844 
10920 
10927 
10985 
11013 
11065 
11076 
11097 
11107 
11151 
11198 
11200 
11236 
11259 
11296 
11340 
11350 
11352 
11387 
11455 
11471 
11487 
11489 
11541 
11547 
11559 
11596 
11604 
11618 
11662 
11727 
11737 
11809 
11920 
11948 
11997 
12005 
12034 
12040 
12052 
12157 
12243 
12251 
12356 
12386 
12438 
12457 
12515 
12534 
12540 
12555 
12559 
12664 
12668 
12738 
12743 
12750 
12776 
12804 
12847 
12871 
12892 
12900 
12922 
12941 
12948 
13034 
13041 
13095 
13102 
13115 
13200 
13233 
13256 
13277 
13294 
13336 
13357 
13409 
13442 
13661 
13731 
13738 
13825 
13831 
13852 
13878 
13916 
13975 
13986 
14032 
14109 
14117 
14129 
14175 
14257 
14343 
14396 
14439 
14592 
14636 
14675 
14678 
14693 
14719 
14731 
14750 
14786 
14790 
14796 
14818 
14843 
14853 
14874 
14933 
14982 
15011 
15013 
15040 
15042 
15073 
15090 
15097 
15120 
15122 
15149 
15151 
15161 
15166 
15245 
15381 
15492 
15518 
15551 
15561 
15602 
15708 
15777 
15839 
15866 
15877 
15900 
15985 
16077 
16160 
16258 
16283 
16304 
16319 
16347 
16370 
16376 
16378 
16459 
16465 
16474 
16507 
16519 
16519 
16595 
16596 
16623 
16642 
16695 
16698 
16711 
16743 
16839 
16896 
16902 
16904 
16958 
17027 
17044 
17095 
17145 
17169 
17183 
17234 
17243 
17255 
17283 
17334 
17358 
17454 
17465 
17481 
17512 
17606 
17680 
17701 
17797 
17826 
17853 
17877 
17877 
17912 
18002 
18005 
18049 
18136 
18155 
18226 
18228 
18284 
18293 
18374 
18426 
18430 
18431 
18446 
18504 
18505 
18521 
18527 
18572 
18592 
18602 
18614 
18680 
18692 
18744 
18763 
18772 
18875 
18906 
19028 
19030 
19074 
19107 
19160 
19180 
19274 
19342 
19366 
19370 
19379 
19466 
19595 
19664 
19694 
19701 
19706 
19729 
19738 
19812 
19828 
19868 
19883 
19906 
19932 
19956 
20034 
20059 
20078 
20089 
20091 
20093 
20095 
20145 
20158 
20162 
20173 
20198 
20218 
20252 
20262 
20334 
20347 
20348 
20357 
20396 
20434 
20443 
20486 
20511 
20518 
20542 
20563 
20607 
20645 
20646 
20655 
20657 
20714 
20773 
20853 
20860 
20884 
20976 
20992 
20992 
21004 
21030 
21036 
21107 
21110 
21121 
21167 
21169 
21230 
21300 
21337 
21358 
21364 
21381 
21398 
21404 
21469 
21487 
21489 
21517 
21561 
21598 
21611 
21638 
21711 
21713 
21714 
21732 
21734 
21888 
21888 
21893 
21961 
21982 
22103 
22110 
22160 
22208 
22217 
22221 
22232 
22250 
22279 
22323 
22373 
22382 
22405 
22408 
22547 
22576 
22627 
22704 
22741 
22761 
22802 
22907 
22923 
22949 
22998 
22999 
23024 
23041 
23174 
23222 
23259 
23273 
23274 
23305 
23379 
23436 
23447 
23574 
23631 
23646 
23664 
23681 
23696 
23742 
23829 
23966 
23993 
24000 
24003 
24246 
24253 
24278 
24303 
24330 
24358 
24490 
24492 
24516 
24553 
24579 
24712 
24755 
24811 
24818 
24956 
24985 
24999 
25145 
25202 
25234 
25237 
25243 
25274 
25280 
25388 
25402 
25408 
25415 
25433 
25543 
25559 
25566 
25666 
25698 
25706 
25710 
25743 
25767 
25796 
25836 
25878 
25893 
25945 
26033 
26061 
26082 
26130 
26168 
26220 
26280 
26348 
26356 
26442 
26502 
26522 
26544 
26556 
26593 
26598 
26634 
26651 
26692 
26774 
26815 
26861 
26915 
26936 
26949 
27003 
27073 
27153 
27181 
27188 
27236 
27280 
27285 
27312 
27347 
27355 
27372 
27378 
27404 
27421 
27442 
27484 
27536 
27597 
27600 
27613 
27621 
27654 
27701 
27705 
27710 
27715 
27726 
27795 
27812 
27922 
27950 
28015 
28065 
28080 
28086 
28134 
28216 
28236 
28280 
28301 
28528 
28614 
28857 
28983 
29014 
29227 
29335 
29385 
29402 
29442 
29513 
29520 
29571 
29590 
29609 
29624 
29647 
29660 
29672 
29686 
29709 
29743 
29783 
29916 
29930 
29956 
30063 
30067 
30154 
30159 
30196 
30300 
30364 
30376 
30408 
30442 
30470 
30475 
30529 
30644 
30662 
30673 
30703 
30717 
30718 
30755 
30789 
30835 
30861 
30921 
30943 
31001 
31009 
31017 
31020 
31046 
31062 
31109 
31149 
31155 
31177 
31250 
31308 
31321 
31411 
31441 
31650 
31671 
31692 
31728 
31785 
31800 
31832 
31869 
31911 
31940 
31978 
32090 
32107 
32128 
32136 
32188 
32240 
32423 
32459 
32484 
32486 
32542 
32548 
32569 
32596 
32645 
32688 
32692 
32768 
32795 
32815 
32935 
32942 
33042 
33132 
33192 
33196 
33198 
33219 
33241 
33419 
33422 
33458 
33533 
33572 
33594 
33606 
33609 
33690 
33728 
33737 
33760 
33761 
33780 
33802 
33845 
33951 
34036 
34122 
34167 
34192 
34224 
34245 
34267 
34314 
34317 
34330 
34434 
34452 
34483 
34520 
34522 
34563 
34584 
34678 
34678 
34767 
34800 
34814 
34838 
34855 
34875 
34877 
34929 
34931 
34953 
34996 
35145 
35162 
35265 
35319 
35345 
35353 
35483 
35515 
35520 
35540 
35551 
35566 
35734 
35755 
35776 
35787 
35805 
35856 
35891 
35936 
35947 
35948 
35965 
36009 
36049 
36057 
36079 
36089 
36098 
36189 
36213 
36227 
36228 
36297 
36312 
36341 
36351 
36423 
36430 
36434 
36581 
36626 
36661 
36662 
36666 
36667 
36675 
36736 
36753 
36773 
36802 
36809 
36817 
36826 
36839 
36913 
36980 
36993 
36999 
37097 
37099 
37104 
37170 
37219 
37239 
37251 
37266 
37408 
37445 
37465 
37518 
37519 
37525 
37527 
37527 
37588 
37639 
37677 
37746 
37782 
37793 
37840 
37900 
37907 
37956 
38053 
38285 
38330 
38357 
38453 
38495 
38592 
38672 
38709 
38770 
38774 
38837 
38887 
38899 
38912 
38966 
39031 
39117 
39128 
39260 
39333 
39409 
39436 
39439 
39459 
39468 
39491 
39558 
39664 
39693 
39791 
39813 
39896 
39915 
40020 
40038 
40157 
40157 
40208 
40218 
40283 
40328 
40366 
40395 
40433 
40496 
40525 
40586 
40631 
40650 
40710 
40721 
40728 
40762 
40800 
40913 
40967 
41047 
41051 
41055 
41073 
41172 
41322 
41326 
41334 
41399 
41438 
41502 
41532 
41545 
41600 
41602 
41652 
41732 
41746 
41791 
41842 
41856 
41871 
41928 
41933 
41942 
41972 
41985 
41991 
42028 
42041 
42078 
42117 
42127 
42145 
42212 
42222 
42297 
42318 
42370 
42480 
42493 
42601 
42620 
42642 
42758 
42807 
42897 
42899 
42936 
42967 
43068 
43092 
43214 
43220 
43333 
43388 
43438 
43520 
43537 
43594 
43648 
43674 
43712 
43744 
43833 
43912 
43954 
43982 
44009 
44012 
44037 
44047 
44049 
44055 
44056 
44067 
44126 
44152 
44323 
44325 
44333 
44383 
44398 
44637 
44654 
44690 
44704 
44788 
44830 
44840 
44973 
45015 
45074 
45121 
45127 
45148 
45242 
45437 
45505 
45525 
45528 
45563 
45729 
45730 
45761 
45763 
45821 
45853 
45864 
45889 
45923 
45932 
46048 
46119 
46125 
46162 
46199 
46225 
46353 
46434 
46439 
46486 
46520 
46559 
46645 
46730 
46776 
46791 
46812 
46822 
46833 
46855 
46861 
46900 
46912 
46917 
46943 
46951 
47078 
47095 
47137 
47158 
47169 
47206 
47225 
47246 
47247 
47259 
47343 
47351 
47415 
47489 
47516 
47554 
47557 
47730 
47761 
47855 
47902 
47924 
47948 
48003 
48049 
48068 
48106 
48135 
48197 
48270 
48292 
48370 
48374 
48406 
48422 
48606 
48634 
48673 
48682 
48682 
48694 
48702 
48790 
48817 
48860 
48932 
49029 
49077 
49105 
49151 
49175 
49182 
49278 
49338 
49397 
49406 
49438 
49640 
49779 
49779 
49912 
49947 
50026 
50081 
50093 
50114 
50243 
50245 
50249 
50378 
50392 
50406 
50412 
50414 
50439 
50532 
50534 
50615 
50695 
50853 
50865 
50889 
50909 
50942 
50948 
50948 
50964 
50997 
51007 
51067 
51071 
51172 
51212 
51214 
51219 
51225 
51248 
51280 
51320 
51328 
51342 
51469 
51480 
51505 
51517 
51548 
51583 
51636 
51637 
51749 
51763 
51795 
51829 
51845 
51890 
51902 
51923 
51965 
52026 
52057 
52063 
52100 
52110 
52129 
52185 
52215 
52218 
52269 
52275 
52363 
52371 
52405 
52453 
52519 
52578 
52607 
52616 
52637 
52647 
52650 
52663 
52777 
52812 
52834 
52884 
52885 
52923 
52932 
52979 
52984 
53029 
53056 
53149 
53181 
53207 
53259 
53259 
53275 
53285 
53293 
53305 
53314 
53345 
53349 
53350 
53359 
53366 
53369 
53387 
53471 
53537 
53561 
53569 
53570 
53578 
53589 
53678 
53708 
53717 
53738 
53743 
53753 
53831 
53853 
53856 
53871 
53879 
53902 
53902 
53944 
53955 
54004 
54034 
54263 
54459 
54474 
54564 
54594 
54624 
54643 
54670 
54717 
54806 
54823 
54862 
54898 
54947 
54949 
54955 
54981 
55061 
55190 
55200 
55211 
55432 
55436 
55437 
55452 
55481 
55486 
55488 
55507 
55579 
55671 
55751 
55754 
55838 
56016 
56019 
56105 
56222 
56298 
56317 
56369 
56403 
56455 
56474 
56548 
56574 
56578 
56619 
56662 
56672 
56739 
56812 
56826 
56835 
56892 
56894 
57012 
57024 
57064 
57073 
57118 
57309 
57323 
57333 
57360 
57412 
57437 
57453 
57469 
57505 
57550 
57587 
57677 
57784 
57800 
57804 
57868 
57934 
57939 
58042 
58084 
58109 
58198 
58227 
58241 
58249 
58269 
58353 
58375 
58379 
58415 
58444 
58449 
58465 
58521 
58559 
58574 
58622 
58706 
58717 
58755 
58797 
58807 
58813 
58816 
58851 
58931 
58988 
59030 
59049 
59092 
59121 
59188 
59251 
59280 
59349 
59411 
59430 
59443 
59462 
59615 
59632 
59641 
59653 
59664 
59702 
59719 
59753 
59758 
59785 
59801 
59860 
59893 
59990 
60206 
60286 
60396 
60403 
60405 
60443 
60455 
60458 
60483 
60493 
60496 
60601 
60605 
60613 
60618 
60726 
60745 
60805 
60823 
60831 
60878 
60908 
60966 
60967 
60992 
61143 
61162 
61270 
61274 
61301 
61339 
61400 
61413 
61423 
61445 
61462 
61531 
61564 
61594 
61659 
61660 
61662 
61675 
61711 
61722 
61725 
61730 
61797 
61860 
61894 
61945 
61969 
62043 
62056 
62072 
62159 
62211 
62215 
62294 
62548 
62571 
62650 
62666 
62688 
62703 
62882 
62901 
62915 
62941 
63021 
63051 
63052 
63055 
63059 
63087 
63132 
63147 
63185 
63290 
63296 
63328 
63331 
63376 
63434 
63460 
63614 
63649 
63750 
63810 
63823 
63852 
63898 
63922 
63926 
64031 
64102 
64206 
64241 
64245 
64245 
64308 
64309 
64347 
64367 
64409 
64430 
64579 
64608 
64650 
64650 
64689 
64712 
64727 
64737 
64747 
64753 
64756 
64854 
64910 
64940 
64965 
64975 
64977 
65003 
65007 
65083 
65114 
65134 
65144 
65167 
65259 
65295 
65364 
65366 
65371 
65488 
65521 
65604 
65632 
65664 
65717 
65785 
65815 
65821 
65904 
65930 
66006 
66039 
66049 
66051 
66057 
66096 
66096 
66101 
66135 
66179 
66187 
66208 
66220 
66230 
66280 
66299 
66310 
66319 
66324 
66344 
66372 
66386 
66395 
66441 
66470 
66530 
66637 
66713 
66744 
66771 
66780 
66807 
66809 
66826 
66851 
66902 
66905 
66968 
67042 
67056 
67137 
67167 
67187 
67212 
67217 
67256 
67302 
67313 
67323 
67386 
67554 
67580 
67594 
67685 
67702 
67720 
67730 
67752 
67772 
67822 
67829 
67837 
67850 
67870 
67915 
67940 
67992 
68031 
68039 
68051 
68066 
68134 
68160 
68165 
68181 
68219 
68232 
68236 
68241 
68286 
68289 
68296 
68459 
68476 
68478 
68482 
68512 
68526 
68534 
68554 
68570 
68582 
68593 
68596 
68612 
68694 
68709 
68790 
68802 
68852 
68861 
68890 
68891 
68914 
68937 
68986 
69018 
69019 
69078 
69128 
69233 
69244 
69246 
69272 
69283 
69307 
69329 
69373 
69690 
69692 
69717 
69746 
69815 
69850 
69852 
69857 
70090 
70111 
70157 
70182 
70266 
70272 
70339 
70355 
70358 
70399 
70468 
70503 
70543 
70560 
70612 
70728 
70735 
70814 
70819 
70849 
70866 
70948 
70957 
70967 
71004 
71006 
71083 
71231 
71261 
71273 
71307 
71326 
71392 
71435 
71609 
71913 
71940 
71940 
72037 
72062 
72076 
72099 
72124 
72144 
72153 
72175 
72195 
72210 
72232 
72236 
72250 
72276 
72307 
72357 
72394 
72433 
72439 
72654 
72675 
72687 
72698 
72704 
72736 
72777 
72800 
72863 
72928 
72944 
73070 
73194 
73247 
73289 
73326 
73338 
73385 
73458 
73465 
73505 
73549 
73556 
73569 
73607 
73611 
73640 
73686 
73710 
73764 
73834 
73843 
73857 
73864 
73907 
73932 
74004 
74035 
74048 
74070 
74090 
74107 
74141 
74235 
74325 
74345 
74377 
74407 
74412 
74548 
74615 
74640 
74691 
74694 
74758 
74769 
74779 
74826 
74879 
74943 
74988 
75012 
75118 
75132 
75193 
75215 
75225 
75235 
75239 
75346 
75387 
75424 
75426 
75429 
75500 
75505 
75509 
75566 
75575 
75588 
75630 
75713 
75730 
75747 
75814 
75824 
75839 
75868 
75981 
76096 
76149 
76197 
76199 
76246 
76263 
76315 
76343 
76355 
76361 
76706 
76754 
76773 
76777 
76834 
76853 
76879 
76891 
76939 
77095 
77163 
77293 
77299 
77300 
77340 
77370 
77397 
77417 
77423 
77432 
77510 
77533 
77549 
77578 
77615 
77622 
77661 
77670 
77676 
77776 
77789 
77891 
77927 
77928 
77957 
77963 
78015 
78086 
78090 
78149 
78288 
78333 
78354 
78396 
78444 
78452 
78462 
78477 
78540 
78644 
78668 
78695 
78725 
78782 
78792 
78824 
78834 
78971 
79095 
79115 
79180 
79192 
79233 
79233 
79301 
79333 
79378 
79387 
79404 
79416 
79499 
79535 
79559 
79621 
79725 
79791 
79817 
79923 
79943 
80001 
80111 
80126 
80128 
80340 
80343 
80346 
80378 
80426 
80437 
80477 
80526 
80542 
80564 
80575 
80591 
80622 
80648 
80764 
80818 
80825 
80936 
80946 
81064 
81065 
81158 
81198 
81204 
81211 
81217 
81221 
81289 
81367 
81369 
81425 
81468 
81479 
81548 
81596 
81608 
81660 
81668 
81743 
81776 
81817 
81844 
81881 
81977 
81982 
82066 
82189 
82243 
82276 
82289 
82311 
82317 
82336 
82343 
82477 
82524 
82546 
82619 
82658 
82716 
82768 
82798 
82805 
82834 
82899 
83043 
83048 
83066 
83094 
83107 
83151 
83251 
83258 
83271 
83276 
83301 
83305 
83343 
83384 
83390 
83411 
83436 
83469 
83489 
83512 
83551 
83552 
83552 
83555 
83569 
83581 
83593 
83655 
83671 
83672 
83805 
83808 
83945 
83975 
84060 
84062 
84074 
84099 
84144 
84284 
84358 
84369 
84413 
84431 
84513 
84584 
84592 
84603 
84630 
84641 
84643 
84715 
84723 
84760 
84805 
84829 
84891 
84920 
84925 
84946 
84955 
84975 
85009 
85055 
85205 
85265 
85275 
85328 
85331 
85398 
85494 
85505 
85543 
85546 
85668 
85696 
85743 
85760 
85796 
85810 
85839 
85855 
85866 
85940 
85990 
86076 
86240 
86284 
86308 
86331 
86411 
86444 
86518 
86545 
86546 
86601 
86610 
86612 
86663 
86710 
86771 
86771 
86789 
86833 
86965 
87006 
87197 
87206 
87212 
87220 
87223 
87244 
87278 
87330 
87385 
87436 
87491 
87520 
87552 
87660 
87687 
87688 
87708 
87840 
87876 
87892 
87953 
87962 
87970 
87989 
88002 
88023 
88064 
88185 
88207 
88251 
88305 
88336 
88362 
88451 
88507 
88523 
88536 
88551 
88613 
88629 
88661 
88718 
88727 
88786 
88873 
88896 
88933 
88941 
89020 
89075 
89116 
89264 
89298 
89324 
89447 
89600 
89644 
89652 
89672 
89676 
89711 
89750 
89806 
89811 
89837 
89851 
89898 
89928 
89930 
90027 
90083 
90107 
90127 
90184 
90220 
90220 
90298 
90359 
90378 
90400 
90447 
90490 
90591 
90626 
90630 
90634 
90699 
90740 
90794 
90861 
90958 
90966 
91026 
91111 
91111 
91225 
91270 
91285 
91327 
91383 
91410 
91468 
91531 
91544 
91654 
91676 
91712 
91728 
91729 
91756 
91947 
91987 
92187 
92202 
92212 
92296 
92297 
92336 
92361 
92401 
92454 
92484 
92640 
92645 
92671 
92671 
92676 
92819 
92839 
92873 
92891 
92895 
92963 
93052 
93148 
93155 
93182 
93217 
93320 
93325 
93328 
93339 
93393 
93468 
93498 
93531 
93614 
93622 
93680 
93714 
93720 
93753 
93755 
93768 
93781 
93856 
93881 
93917 
93923 
93924 
93925 
93964 
94022 
94058 
94089 
94170 
94181 
94212 
94322 
94521 
94579 
94756 
94770 
94808 
94888 
94892 
94958 
95021 
95028 
95051 
95053 
95066 
95083 
95085 
95138 
95201 
95228 
95276 
95350 
95370 
95376 
95386 
95415 
95627 
95713 
95755 
95762 
95800 
95809 
95840 
95865 
95865 
95873 
95874 
95977 
95986 
96037 
96115 
96169 
96192 
96201 
96202 
96216 
96227 
96229 
96268 
96269 
96301 
96396 
96419 
96424 
96452 
96495 
96550 
96573 
96692 
96702 
96704 
96720 
96739 
96785 
96840 
96843 
96882 
96885 
96888 
97006 
97103 
97203 
97210 
97222 
97227 
97308 
97310 
97347 
97443 
97500 
97501 
97697 
97723 
97757 
97880 
97938 
97951 
97970 
97979 
97983 
98020 
98033 
98086 
98117 
98191 
98211 
98240 
98247 
98266 
98300 
98373 
98523 
98599 
98636 
98667 
98674 
98705 
98814 
98929 
98931 
99028 
99032 
99081 
99138 
99159 
99178 
99201 
99210 
99211 
99249 
99320 
99377 
99393 
99394 
99509 
99535 
99551 
99554 
99587 
99648 
99652 
99722 
99813 
99834 
99853 
99869 
99871 
99885 
99907 
99940 
99949 
99952 
99955 
99977 
100086 
100092 
100093 
100103 
100161 
100238 
100272 
100299 
100314 
100378 
100385 
100520 
100560 
100646 
100652 
100660 
100747 
100782 
100799 
100863 
100876 
100908 
100979 
100986 
101017 
101027 
101111 
101169 
101183 
101255 
101347 
101349 
101350 
101378 
101416 
101419 
101469 
101492 
101530 
101608 
101628 
101722 
101798 
101810 
101833 
101854 
101858 
101896 
101942 
101954 
101963 
101966 
102124 
102152 
102264 
102278 
102313 
102335 
102347 
102359 
102389 
102461 
102503 
102532 
102533 
102562 
102597 
102668 
102674 
102675 
102684 
102700 
102718 
102727 
102732 
102904 
102917 
102944 
102968 
103066 
103088 
103095 
103105 
103250 
103312 
103314 
103331 
103439 
103503 
103518 
103527 
103534 
103543 
103638 
103804 
103828 
103884 
103937 
104009 
104097 
104151 
104191 
104202 
104203 
104206 
104213 
104258 
104354 
104365 
104379 
104431 
104451 
104465 
104494 
104524 
104588 
104638 
104656 
104677 
104683 
104739 
104774 
104798 
104822 
104874 
104891 
104921 
105050 
105107 
105137 
105160 
105184 
105187 
105189 
105210 
105227 
105230 
105248 
105263 
105319 
105339 
105397 
105402 
105504 
105520 
105530 
105535 
105548 
105600 
105602 
105713 
105786 
105794 
105844 
105900 
105912 
105946 
105989 
106022 
106025 
106053 
106156 
106165 
106182 
106240 
106287 
106362 
106408 
106410 
106508 
106638 
106640 
106651 
106652 
106659 
106731 
106753 
106768 
106808 
106835 
106851 
106900 
106911 
106955 
106993 
107004 
107042 
107079 
107121 
107136 
107163 
107173 
107203 
107309 
107320 
107406 
107457 
107465 
107481 
107502 
107502 
107590 
107808 
107916 
107942 
108012 
108028 
108109 
108137 
108145 
108200 
108232 
108235 
108241 
108307 
108316 
108402 
108477 
108497 
108511 
108525 
108552 
108578 
108607 
108658 
108683 
108688 
108690 
108696 
108720 
108777 
108818 
108871 
108982 
108990 
109087 
109093 
109166 
109169 
109196 
109232 
109336 
109472 
109514 
109531 
109634 
109638 
109641 
109672 
109681 
109716 
109733 
109808 
109816 
109916 
109942 
109988 
110008 
110064 
110130 
110133 
110241 
110258 
110413 
110512 
110607 
110625 
110683 
110697 
110739 
110763 
110785 
110800 
110826 
110873 
110894 
110917 
110930 
110938 
111021 
111061 
111070 
111095 
111201 
111222 
111229 
111283 
111307 
111335 
111486 
111488 
111513 
111546 
111663 
111666 
111729 
111863 
111898 
111916 
111982 
112091 
112106 
112165 
112190 
112242 
112245 
112292 
112293 
112311 
112317 
112327 
112415 
112424 
112433 
112438 
112482 
112492 
112576 
112583 
112587 
112683 
112691 
112712 
112722 
112738 
112739 
112757 
112784 
112867 
112869 
112910 
112928 
112938 
113036 
113040 
113074 
113336 
113393 
113433 
113450 
113524 
113551 
113554 
113573 
113592 
113648 
113708 
113760 
113766 
113772 
113793 
113822 
113933 
113959 
113982 
113986 
114145 
114165 
114215 
114258 
114356 
114412 
114431 
114565 
114579 
114582 
114628 
114651 
114654 
114737 
114758 
114759 
114785 
114846 
114869 
114880 
114992 
115034 
115042 
115147 
115149 
115191 
115253 
115257 
115451 
115455 
115504 
115547 
115593 
115614 
115619 
115644 
115660 
115670 
115686 
115694 
115701 
115710 
115756 
115766 
115877 
115896 
115940 
115944 
115948 
115958 
115964 
115983 
116042 
116075 
116089 
116156 
116199 
116208 
116251 
116293 
116321 
116370 
116390 
116431 
116445 
116495 
116550 
116631 
116635 
116671 
116781 
116784 
116793 
116926 
116946 
116980 
117013 
117048 
117107 
117117 
117217 
117225 
117239 
117250 
117344 
117367 
117394 
117414 
117447 
117451 
117503 
117574 
117577 
117578 
117586 
117652 
117657 
117662 
117791 
117827 
117833 
117850 
117912 
117940 
117976 
117999 
118032 
118205 
118205 
118232 
118249 
118258 
118353 
118398 
118478 
118487 
118615 
118618 
118767 
118795 
118831 
118836 
118986 
118988 
119004 
119059 
119154 
119175 
119188 
119198 
119222 
119254 
119273 
119309 
119420 
119507 
119543 
119589 
119640 
119712 
119827 
119871 
119883 
119958 
119975 
119987 
120008 
120054 
120090 
120122 
120165 
120198 
120221 
120322 
120330 
120338 
120377 
120378 
120509 
120559 
120611 
120647 
120700 
120786 
120832 
120836 
120892 
120923 
120966 
120976 
121046 
121086 
121132 
121173 
121173 
121209 
121276 
121307 
121344 
121354 
121358 
121376 
121492 
121494 
121503 
121505 
121517 
121520 
121555 
121587 
121636 
121639 
121672 
121693 
121708 
121717 
121721 
121756 
121819 
121856 
121874 
121904 
121905 
121986 
121987 
122020 
122055 
122101 
122118 
122133 
122152 
122187 
122251 
122263 
122286 
122323 
122451 
122455 
122486 
122562 
122595 
122649 
122674 
122699 
122701 
122704 
122740 
122783 
122790 
122855 
122859 
122897 
122916 
122918 
122935 
123013 
123014 
123082 
123087 
123106 
123134 
123186 
123190 
123269 
123287 
123322 
123387 
123395 
123396 
123456 
123466 
123466 
123495 
123508 
123564 
123583 
123587 
123632 
123673 
123686 
123699 
123775 
123796 
123812 
123855 
123867 
123875 
123881 
123886 
123898 
123908 
123999 
124009 
124014 
124023 
124033 
124039 
124045 
124047 
124053 
124080 
124122 
124132 
124134 
124137 
124184 
124255 
124271 
124306 
124342 
124367 
124384 
124401 
124470 
124490 
124511 
124656 
124680 
124731 
124767 
124772 
124775 
124780 
124822 
124935 
124966 
124966 
124993 
125168 
125180 
125197 
125282 
125304 
125312 
125400 
125404 
125457 
125466 
125527 
125534 
125536 
125734 
125802 
125819 
125834 
125933 
125957 
125988 
125992 
126035 
126057 
126101 
126107 
126129 
126152 
126165 
126258 
126316 
126412 
126439 
126473 
126522 
126564 
126572 
126608 
126653 
126675 
126699 
126716 
126868 
126873 
126902 
126928 
127072 
127075 
127114 
127137 
127139 
127188 
127195 
127220 
127253 
127363 
127389 
127399 
127402 
127495 
127497 
127510 
127575 
127634 
127679 
127775 
127799 
127966 
127981 
127991 
127994 
128043 
128095 
128135 
128180 
128257 
128311 
128418 
128504 
128506 
128511 
128630 
128646 
128665 
128724 
128762 
128832 
128839 
128854 
128911 
128929 
128946 
128965 
128988 
129050 
129055 
129072 
129101 
129104 
129109 
129143 
129155 
129162 
129212 
129301 
129318 
129361 
129373 
129401 
129430 
129430 
129533 
129575 
129617 
129680 
129726 
129736 
129788 
129806 
129894 
129901 
129906 
129927 
129936 
129945 
129974 
130020 
130025 
130147 
130168 
130197 
130202 
130211 
130226 
130411 
130435 
130489 
130548 
130648 
130657 
130684 
130690 
130839 
130900 
130930 
130940 
130948 
130997 
131010 
131050 
131082 
131120 
131146 
131158 
131193 
131256 
131279 
131323 
131374 
131464 
131480 
131495 
131545 
131547 
131670 
131686 
131709 
131737 
131855 
131863 
131971 
131987 
132044 
132051 
132106 
132111 
132135 
132236 
132259 
132265 
132269 
132277 
132547 
132581 
132636 
132685 
132689 
132786 
132795 
132874 
132896 
132909 
132918 
132926 
132931 
132954 
132971 
133063 
133173 
133194 
133223 
133292 
133295 
133304 
133305 
133318 
133400 
133525 
133534 
133607 
133628 
133665 
133720 
133727 
133767 
133788 
133852 
133871 
133927 
133993 
134025 
134048 
134082 
134126 
134180 
134193 
134374 
134432 
134440 
134496 
134626 
134644 
134663 
134792 
134796 
134801 
134833 
134906 
134949 
134975 
135027 
135049 
135061 
135125 
135141 
135158 
135206 
135294 
135323 
135395 
135434 
135475 
135523 
135557 
135594 
135622 
135649 
135747 
135753 
135778 
135803 
135806 
135950 
136024 
136040 
136052 
136055 
136066 
136075 
136252 
136282 
136300 
136307 
136346 
136349 
136414 
136417 
136422 
136426 
136514 
136524 
136526 
136563 
136605 
136612 
136612 
136651 
136664 
136739 
136792 
136875 
136961 
137002 
137021 
137033 
137061 
137102 
137159 
137163 
137231 
137235 
137337 
137342 
137397 
137412 
137477 
137487 
137644 
137700 
137723 
137729 
137755 
137856 
137869 
137920 
137935 
137937 
137955 
137993 
137995 
138027 
138058 
138192 
138255 
138288 
138303 
138371 
138469 
138589 
138706 
138709 
138715 
138776 
138805 
138819 
138826 
138848 
138856 
138870 
138906 
138922 
139001 
139010 
139043 
139083 
139108 
139111 
139118 
139125 
139186 
139197 
139253 
139292 
139402 
139511 
139524 
139547 
139631 
139661 
139673 
139678 
139696 
139735 
139761 
139770 
139815 
139864 
139877 
139984 
140009 
140055 
140056 
140087 
140099 
140104 
140246 
140279 
140359 
140391 
140395 
140452 
140472 
140491 
140557 
140558 
140727 
140736 
140759 
140821 
140869 
141063 
141077 
141078 
141202 
141333 
141393 
141444 
141448 
141503 
141560 
141569 
141578 
141666 
141692 
141697 
141815 
141828 
141863 
141919 
141920 
141978 
142020 
142036 
142048 
142107 
142182 
142239 
142255 
142267 
142334 
142368 
142382 
142394 
142418 
142446 
142489 
142543 
142553 
142622 
142709 
142780 
142782 
142784 
142855 
142932 
142952 
142981 
142993 
143006 
143026 
143108 
143127 
143171 
143217 
143236 
143242 
143336 
143438 
143453 
143493 
143501 
143511 
143511 
143517 
143590 
143620 
143639 
143695 
143703 
143722 
143784 
143907 
143931 
143947 
143952 
143967 
143996 
144049 
144144 
144177 
144275 
144276 
144310 
144356 
144433 
144509 
144556 
144601 
144613 
144690 
144710 
144720 
144741 
144747 
144848 
144959 
144967 
144969 
144986 
144991 
145071 
145072 
145083 
145087 
145107 
145178 
145244 
145305 
145314 
145387 
145403 
145445 
145460 
145494 
145496 
145627 
145731 
145781 
145808 
145858 
145867 
145950 
145983 
146002 
146015 
146063 
146082 
146086 
146177 
146205 
146257 
146264 
146317 
146386 
146450 
146479 
146485 
146716 
146801 
146809 
146863 
146882 
146892 
146949 
147053 
147058 
147087 
147132 
147135 
147225 
147321 
147368 
147371 
147372 
147461 
147469 
147482 
147502 
147557 
147620 
147626 
147691 
147695 
147721 
147723 
147756 
147768 
147785 
147791 
147796 
147822 
147828 
147875 
147900 
147940 
147983 
148083 
148191 
148213 
148215 
148250 
148294 
148306 
148426 
148564 
148580 
148593 
148611 
148617 
148715 
148722 
148738 
148778 
148883 
148892 
148907 
148973 
149088 
149108 
149248 
149343 
149356 
149395 
149539 
149581 
149626 
149679 
149791 
149816 
149872 
149887 
149899 
149903 
149910 
149922 
149933 
149981 
150017 
150241 
150443 
150450 
150454 
150531 
150531 
150536 
150568 
150590 
150604 
150609 
150618 
150635 
150641 
150653 
150700 
150713 
150752 
150819 
150845 
150874 
150912 
150943 
151012 
151219 
151307 
151328 
151385 
151448 
151459 
151462 
151478 
151531 
151578 
151602 
151615 
151628 
151645 
151646 
151699 
151721 
151769 
151898 
151908 
151934 
151946 
151998 
152084 
152137 
152169 
152236 
152289 
152361 
152367 
152429 
152452 
152526 
152547 
152657 
152684 
152742 
152748 
152943 
152948 
152975 
153084 
153091 
153092 
153119 
153172 
153179 
153252 
153291 
153318 
153318 
153335 
153335 
153446 
153458 
153509 
153532 
153574 
153605 
153687 
153687 
153754 
153761 
153886 
153887 
153916 
153971 
153982 
154159 
154190 
154252 
154322 
154323 
154324 
154365 
154443 
154486 
154487 
154513 
154530 
154547 
154554 
154559 
154572 
154667 
154789 
154806 
154817 
154844 
154857 
154880 
154888 
154968 
155030 
155176 
155192 
155205 
155228 
155248 
155249 
155277 
155291 
155303 
155373 
155387 
155417 
155419 
155434 
155442 
155474 
155512 
155538 
155558 
155603 
155730 
155760 
155842 
155861 
155900 
155995 
156003 
156116 
156120 
156203 
156249 
156272 
156323 
156367 
156423 
156439 
156469 
156479 
156511 
156551 
156563 
156662 
156728 
156765 
156850 
156851 
157076 
157083 
157116 
157119 
157134 
157282 
157444 
157445 
157505 
157544 
157579 
157623 
157677 
157705 
157755 
157798 
157840 
157843 
157874 
157883 
157929 
157983 
157991 
158056 
158100 
158126 
158167 
158214 
158216 
158293 
158396 
158419 
158526 
158565 
158609 
158669 
158809 
158843 
158892 
158922 
158966 
159110 
159155 
159176 
159197 
159206 
159207 
159221 
159329 
159375 
159380 
159543 
159571 
159626 
159638 
159695 
159699 
159746 
159751 
159990 
160066 
160102 
160128 
160159 
160162 
160189 
160202 
160207 
160211 
160238 
160322 
160331 
160368 
160372 
160442 
160622 
160674 
160759 
160789 
160793 
160848 
160855 
160879 
160885 
160902 
160906 
160917 
160925 
160967 
160987 
161024 
161024 
161078 
161093 
161137 
161177 
161253 
161382 
161426 
161435 
161443 
161463 
161469 
161516 
161525 
161527 
161536 
161562 
161591 
161629 
161641 
161685 
161702 
161708 
161753 
161771 
161780 
161828 
161833 
161863 
161913 
161962 
161996 
162025 
162063 
162114 
162132 
162195 
162257 
162272 
162295 
162325 
162361 
162383 
162393 
162431 
162450 
162548 
162585 
162591 
162642 
162662 
162740 
162822 
162836 
162868 
162942 
162944 
163005 
163099 
163119 
163140 
163215 
163251 
163252 
163285 
163293 
163365 
163428 
163446 
163465 
163501 
163508 
163563 
163565 
163601 
163629 
163680 
163699 
163736 
163747 
163803 
163813 
164000 
164023 
164081 
164123 
164142 
164289 
164304 
164326 
164343 
164351 
164360 
164398 
164454 
164492 
164531 
164591 
164595 
164607 
164686 
164722 
164842 
164852 
164900 
164905 
164911 
164918 
164969 
164975 
164980 
165112 
165234 
165238 
165249 
165249 
165308 
165345 
165356 
165382 
165386 
165421 
165560 
165631 
165738 
165741 
165819 
165826 
165847 
165913 
165951 
165962 
166010 
166011 
166027 
166028 
166116 
166149 
166163 
166300 
166337 
166389 
166414 
166418 
166482 
166517 
166549 
166590 
166609 
166741 
166748 
166795 
166808 
166809 
166845 
166887 
166925 
166952 
166966 
166969 
166973 
167045 
167062 
167089 
167138 
167183 
167222 
167232 
167251 
167275 
167329 
167377 
167379 
167400 
167452 
167482 
167523 
167531 
167554 
167592 
167608 
167636 
167695 
167731 
167739 
167812 
167857 
167876 
167891 
167961 
167966 
168029 
168052 
168054 
168098 
168181 
168194 
168246 
168247 
168315 
168334 
168393 
168446 
168450 
168516 
168526 
168558 
168604 
168728 
168739 
168750 
168771 
168823 
168905 
168913 
168953 
168991 
169098 
169156 
169206 
169259 
169289 
169343 
169346 
169395 
169452 
169474 
169479 
169483 
169552 
169578 
169687 
169710 
169802 
169830 
169847 
169885 
169906 
169935 
169963 
169996 
170001 
170003 
170024 
170062 
170094 
170099 
170156 
170237 
170259 
170276 
170331 
170333 
170348 
170352 
170362 
170364 
170367 
170381 
170535 
170542 
170591 
170602 
170624 
170655 
170687 
170741 
170776 
170835 
170885 
170927 
170947 
170992 
171011 
171047 
171086 
171147 
171186 
171236 
171245 
171254 
171282 
171286 
171314 
171359 
171365 
171411 
171413 
171491 
171538 
171546 
171569 
171626 
171674 
171719 
171727 
171758 
171783 
171792 
171811 
171826 
171887 
171910 
171962 
171965 
171985 
172003 
172053 
172191 
172232 
172266 
172274 
172290 
172348 
172349 
172394 
172401 
172402 
172422 
172438 
172441 
172447 
172448 
172461 
172522 
172530 
172534 
172535 
172634 
172644 
172648 
172656 
172721 
172744 
172782 
172917 
172949 
173021 
173044 
173119 
173121 
173226 
173301 
173332 
173363 
173452 
173467 
173510 
173520 
173523 
173524 
173599 
173650 
173651 
173744 
173777 
173941 
173945 
173977 
173981 
173983 
173993 
174002 
174023 
174039 
174109 
174146 
174243 
174252 
174316 
174322 
174330 
174380 
174386 
174404 
174441 
174495 
174528 
174620 
174635 
174680 
174694 
174729 
174748 
174820 
174833 
174835 
174837 
174914 
174929 
175013 
175069 
175084 
175090 
175106 
175150 
175182 
175241 
175250 
175367 
175440 
175443 
175479 
175498 
175506 
175560 
175576 
175592 
175634 
175674 
175723 
175726 
175774 
175785 
175844 
175921 
175938 
176008 
176036 
176067 
176070 
176071 
176123 
176146 
176187 
176189 
176214 
176260 
176264 
176354 
176382 
176386 
176462 
176562 
176565 
176582 
176630 
176690 
176735 
176740 
176748 
176759 
176919 
176968 
177012 
177071 
177157 
177170 
177197 
177199 
177315 
177322 
177382 
177400 
177411 
177412 
177414 
177480 
177566 
177582 
177598 
177600 
177666 
177851 
177909 
177959 
177959 
177965 
178052 
178059 
178082 
178131 
178146 
178151 
178171 
178217 
178253 
178270 
178331 
178339 
178355 
178377 
178428 
178537 
178574 
178599 
178607 
178712 
178717 
178756 
178784 
178811 
178816 
178946 
178947 
178955 
179021 
179099 
179141 
179277 
179281 
179329 
179335 
179354 
179375 
179386 
179410 
179449 
179467 
179549 
179559 
179595 
179611 
179612 
179652 
179673 
179696 
179727 
179739 
179798 
179846 
179865 
179874 
179877 
179879 
179893 
179938 
179985 
180096 
180120 
180126 
180174 
180206 
180278 
180308 
180309 
180381 
180428 
180443 
180564 
180643 
180698 
180814 
180906 
180914 
180936 
181159 
181160 
181235 
181256 
181277 
181296 
181331 
181426 
181471 
181539 
181610 
181745 
181751 
181765 
181771 
181783 
181818 
181880 
181908 
181975 
181982 
181988 
182092 
182236 
182368 
182377 
182392 
182416 
182427 
182431 
182474 
182480 
182510 
182588 
182597 
182629 
182730 
182770 
182892 
182951 
182977 
183011 
183123 
183125 
183232 
183235 
183370 
183371 
183478 
183485 
183560 
183599 
183636 
183657 
183676 
183772 
183802 
183901 
183927 
183968 
184127 
184281 
184290 
184451 
184475 
184515 
184587 
184651 
184707 
184731 
184742 
184820 
184881 
184901 
184998 
185066 
185071 
185100 
185110 
185138 
185260 
185466 
185501 
185578 
185604 
185665 
185670 
185685 
185685 
185709 
185770 
185798 
186081 
186115 
186168 
186300 
186431 
186495 
186520 
186544 
186545 
186620 
186692 
186742 
186754 
186802 
186810 
186812 
186874 
186898 
186899 
186916 
186974 
186978 
187114 
187129 
187178 
187203 
187207 
187231 
187235 
187238 
187265 
187282 
187343 
187370 
187390 
187459 
187473 
187492 
187523 
187731 
187765 
187777 
187783 
187847 
187856 
187909 
187948 
187982 
188059 
188085 
188162 
188194 
188198 
188215 
188239 
188248 
188264 
188276 
188368 
188372 
188386 
188391 
188423 
188458 
188532 
188546 
188606 
188618 
188630 
188662 
188741 
188749 
188787 
188792 
188817 
188831 
188898 
188938 
188972 
188998 
189009 
189040 
189114 
189134 
189167 
189193 
189302 
189314 
189397 
189474 
189517 
189534 
189558 
189559 
189563 
189589 
189596 
189646 
189654 
189663 
189679 
189689 
189709 
189758 
189761 
189762 
189949 
190010 
190092 
190128 
190141 
190152 
190267 
190289 
190295 
190309 
190334 
190355 
190484 
190520 
190555 
190603 
190691 
190696 
190713 
190738 
190770 
190778 
190784 
190788 
190795 
190858 
190891 
190918 
190987 
191004 
191014 
191031 
191073 
191115 
191137 
191176 
191190 
191202 
191320 
191332 
191337 
191384 
191421 
191444 
191462 
191463 
191470 
191486 
191504 
191536 
191573 
191626 
191640 
191663 
191669 
191734 
191760 
191784 
191840 
191870 
191894 
191901 
191963 
192008 
192009 
192084 
192097 
192144 
192165 
192272 
192296 
192324 
192326 
192369 
192373 
192385 
192425 
192427 
192428 
192432 
192466 
192470 
192478 
192484 
192533 
192566 
192595 
192610 
192641 
192651 
192673 
192706 
192771 
192776 
192779 
192917 
192956 
192978 
193003 
193039 
193066 
193069 
193100 
193119 
193121 
193142 
193150 
193212 
193258 
193304 
193379 
193430 
193489 
193495 
193500 
193523 
193593 
193608 
193645 
193714 
193844 
193875 
193881 
193890 
193939 
193986 
194002 
194026 
194044 
194057 
194089 
194185 
194210 
194309 
194348 
194371 
194388 
194417 
194448 
194466 
194484 
194505 
194637 
194676 
194775 
194780 
194815 
194889 
194991 
195035 
195084 
195093 
195113 
195126 
195311 
195493 
195517 
195601 
195603 
195644 
195658 
195685 
195710 
195780 
195805 
195847 
195856 
195909 
195943 
195973 
196011 
196156 
196228 
196239 
196277 
196289 
196300 
196346 
196366 
196374 
196404 
196432 
196477 
196478 
196544 
196631 
196663 
196739 
196744 
196760 
196779 
196831 
196858 
196858 
196897 
196905 
196915 
196943 
196977 
196978 
197005 
197123 
197129 
197188 
197212 
197240 
197268 
197298 
197305 
197368 
197391 
197488 
197558 
197567 
197570 
197586 
197635 
197685 
197754 
197814 
197859 
197872 
197985 
198076 
198082 
198097 
198144 
198157 
198205 
198241 
198258 
198322 
198327 
198382 
198437 
198451 
198469 
198480 
198525 
198568 
198647 
198647 
198662 
198679 
198723 
198760 
198805 
198843 
198860 
198893 
198921 
198941 
199043 
199065 
199077 
199095 
199098 
199105 
199108 
199230 
199279 
199301 
199330 
199352 
199386 
199403 
199415 
199442 
199554 
199561 
199605 
199625 
199625 
199695 
199769 
199861 
199946 
199963 
