1
40
633801 787631 4831
169364 205610 5826
624081 670441 74451
782246 591410 61449
338420 204078 27498
438532 581929 80400
805570 592179 92921
998383 572991 33659
788405 872314 7928
631091 392005 71511
483083 578703 14913
306902 61760 44575
592894 871395 13977
943993 718129 67065
699471 340925 96866
670740 314748 92633
192342 983705 98627
498027 880322 21696
453461 30096 8761
723390 86522 93161
182788 798932 56820
177008 646408 33432
133488 975969 10094
724961 276799 28756
870423 823939 99624
304081 333867 87834
301009 318991 548
789539 905257 4965
643384 81943 73579
22694 31083 44250
385154 343730 15563
562221 463722 4886
858898 755281 57872
579177 967317 8299
950514 37008 96464
670087 877534 19420
327261 816007 86928
327261 239099 20028
732 238014 31845
905113 408578 54898
