0 
2 
3 
4 
4 
4 
5 
5 
5 
6 
8 
9 
9 
10 
11 
12 
13 
13 
13 
14 
16 
19 
19 
21 
21 
22 
22 
23 
25 
27 
27 
28 
30 
31 
34 
35 
37 
38 
38 
38 
39 
42 
43 
44 
44 
45 
46 
49 
50 
50 
50 
52 
52 
53 
53 
54 
54 
54 
55 
55 
56 
57 
57 
61 
61 
62 
63 
64 
65 
66 
67 
69 
70 
70 
71 
72 
73 
73 
74 
75 
81 
82 
82 
86 
87 
88 
89 
89 
91 
92 
92 
92 
93 
93 
94 
94 
94 
97 
99 
99 
102 
102 
102 
102 
103 
104 
105 
105 
106 
106 
106 
107 
108 
110 
111 
111 
112 
114 
114 
114 
114 
115 
116 
116 
116 
117 
118 
119 
119 
119 
120 
122 
122 
123 
123 
125 
125 
126 
127 
128 
128 
130 
132 
136 
137 
137 
137 
138 
139 
140 
140 
141 
141 
142 
143 
144 
145 
145 
147 
147 
149 
150 
152 
152 
152 
154 
155 
157 
158 
159 
160 
160 
161 
162 
163 
163 
164 
164 
164 
166 
166 
167 
167 
168 
168 
169 
170 
170 
171 
173 
175 
177 
177 
178 
178 
179 
180 
181 
182 
182 
184 
186 
186 
186 
187 
188 
188 
189 
190 
190 
190 
191 
192 
192 
193 
194 
195 
196 
197 
198 
200 
202 
204 
208 
208 
209 
211 
211 
212 
212 
213 
213 
213 
214 
215 
218 
218 
219 
221 
222 
222 
223 
223 
224 
225 
225 
225 
226 
227 
227 
232 
234 
235 
236 
236 
236 
237 
239 
240 
240 
242 
244 
244 
244 
244 
244 
245 
248 
248 
249 
249 
250 
250 
250 
252 
252 
258 
259 
259 
260 
261 
261 
262 
265 
267 
268 
270 
272 
274 
276 
279 
279 
280 
281 
283 
284 
285 
286 
287 
287 
288 
288 
289 
289 
290 
293 
293 
295 
298 
299 
300 
300 
302 
303 
306 
306 
313 
313 
313 
315 
316 
317 
317 
317 
318 
319 
319 
321 
321 
321 
324 
325 
326 
328 
329 
330 
331 
333 
333 
333 
333 
333 
336 
337 
338 
338 
339 
340 
340 
341 
342 
343 
343 
344 
344 
349 
350 
350 
351 
352 
352 
355 
356 
358 
358 
359 
359 
360 
361 
362 
363 
364 
364 
365 
367 
367 
369 
374 
375 
375 
376 
377 
377 
377 
377 
378 
378 
379 
381 
381 
381 
383 
384 
386 
387 
387 
387 
388 
391 
391 
394 
395 
396 
396 
396 
397 
400 
401 
405 
407 
407 
409 
412 
415 
418 
418 
420 
420 
421 
421 
424 
425 
426 
429 
430 
431 
432 
432 
432 
433 
434 
434 
435 
437 
437 
438 
439 
441 
442 
442 
443 
446 
449 
450 
451 
456 
458 
458 
459 
459 
459 
460 
460 
462 
464 
465 
466 
466 
468 
469 
470 
470 
471 
471 
472 
474 
476 
476 
478 
478 
479 
480 
480 
481 
482 
484 
485 
485 
485 
485 
486 
486 
487 
489 
490 
491 
491 
492 
492 
493 
493 
494 
494 
496 
496 
498 
502 
503 
505 
507 
509 
509 
510 
511 
512 
513 
513 
514 
514 
515 
518 
519 
520 
520 
522 
522 
522 
523 
524 
525 
527 
528 
529 
529 
530 
530 
530 
532 
533 
535 
535 
536 
537 
538 
539 
539 
540 
542 
544 
544 
546 
546 
548 
551 
553 
553 
554 
554 
555 
555 
556 
559 
559 
559 
559 
560 
561 
561 
561 
562 
563 
563 
564 
568 
568 
569 
570 
571 
572 
572 
573 
574 
574 
576 
577 
577 
577 
579 
581 
584 
586 
587 
587 
590 
590 
592 
593 
594 
597 
597 
597 
599 
601 
602 
603 
603 
605 
605 
606 
607 
608 
609 
609 
611 
615 
616 
617 
617 
619 
620 
622 
623 
623 
625 
625 
625 
626 
627 
627 
627 
628 
628 
629 
630 
631 
632 
633 
633 
634 
634 
634 
635 
635 
636 
636 
637 
638 
639 
639 
639 
640 
641 
641 
642 
642 
642 
643 
645 
645 
647 
647 
647 
651 
652 
654 
656 
657 
657 
658 
660 
661 
663 
663 
665 
665 
666 
666 
666 
667 
668 
669 
670 
670 
671 
675 
676 
676 
676 
676 
677 
677 
678 
679 
679 
679 
680 
680 
681 
681 
681 
682 
683 
684 
685 
685 
687 
687 
687 
688 
689 
691 
693 
693 
693 
694 
695 
695 
697 
698 
699 
700 
701 
702 
702 
703 
704 
704 
704 
704 
704 
705 
705 
705 
707 
707 
707 
708 
708 
709 
709 
710 
710 
713 
714 
714 
714 
715 
716 
717 
718 
719 
719 
721 
723 
724 
726 
726 
726 
727 
727 
728 
728 
730 
732 
734 
735 
735 
736 
737 
739 
739 
740 
740 
742 
742 
742 
744 
745 
746 
747 
750 
750 
751 
752 
753 
754 
755 
757 
757 
757 
757 
757 
758 
760 
761 
762 
763 
765 
767 
768 
771 
773 
775 
776 
778 
778 
780 
783 
784 
785 
785 
787 
788 
790 
793 
793 
794 
796 
800 
801 
801 
802 
804 
810 
811 
813 
814 
817 
817 
817 
820 
820 
820 
821 
821 
821 
821 
822 
824 
825 
826 
826 
827 
832 
832 
833 
835 
838 
838 
839 
840 
841 
841 
844 
846 
846 
846 
848 
851 
853 
854 
854 
854 
854 
857 
858 
861 
861 
861 
863 
863 
864 
864 
865 
865 
865 
869 
872 
873 
876 
876 
877 
879 
879 
880 
880 
880 
881 
881 
881 
882 
882 
882 
882 
882 
883 
887 
888 
888 
892 
892 
892 
892 
893 
894 
895 
896 
900 
901 
902 
903 
904 
905 
905 
906 
906 
907 
910 
911 
911 
911 
912 
912 
913 
913 
913 
914 
918 
920 
920 
921 
921 
922 
922 
923 
924 
928 
930 
931 
932 
935 
938 
938 
942 
943 
944 
945 
945 
947 
948 
949 
952 
952 
953 
953 
954 
955 
955 
956 
956 
957 
959 
960 
961 
962 
963 
965 
965 
965 
969 
970 
972 
974 
975 
975 
977 
978 
979 
979 
979 
981 
982 
982 
982 
983 
985 
986 
987 
987 
988 
990 
990 
992 
996 
998 
1000 
1001 
1002 
1003 
1003 
1008 
1011 
1013 
1013 
1013 
1015 
1017 
1019 
1021 
1022 
1024 
1025 
1025 
1028 
1028 
1030 
1033 
1035 
1035 
1037 
1038 
1039 
1041 
1042 
1043 
1044 
1044 
1045 
1047 
1050 
1050 
1050 
1051 
1051 
1053 
1053 
1053 
1054 
1054 
1055 
1055 
1056 
1058 
1059 
1059 
1060 
1061 
1061 
1062 
1063 
1067 
1068 
1069 
1069 
1071 
1072 
1074 
1074 
1075 
1076 
1076 
1076 
1076 
1076 
1076 
1077 
1080 
1083 
1084 
1085 
1085 
1086 
1088 
1088 
1089 
1090 
1090 
1094 
1095 
1095 
1096 
1096 
1097 
1101 
1102 
1103 
1103 
1104 
1104 
1109 
1112 
1112 
1113 
1113 
1113 
1114 
1114 
1114 
1115 
1115 
1116 
1117 
1118 
1118 
1122 
1122 
1122 
1122 
1123 
1124 
1124 
1124 
1126 
1127 
1127 
1128 
1128 
1128 
1131 
1132 
1133 
1134 
1135 
1135 
1135 
1136 
1138 
1140 
1142 
1143 
1143 
1144 
1146 
1148 
1148 
1149 
1150 
1150 
1152 
1155 
1156 
1156 
1159 
1163 
1163 
1164 
1165 
1165 
1165 
1166 
1168 
1168 
1169 
1169 
1170 
1171 
1173 
1173 
1174 
1175 
1176 
1176 
1177 
1177 
1178 
1180 
1181 
1182 
1182 
1182 
1183 
1185 
1185 
1186 
1187 
1191 
1192 
1193 
1193 
1194 
1194 
1195 
1195 
1195 
1197 
1199 
1199 
1203 
1203 
1204 
1206 
1207 
1208 
1208 
1212 
1212 
1212 
1212 
1213 
1215 
1215 
1216 
1217 
1227 
1228 
1229 
1229 
1230 
1230 
1232 
1232 
1232 
1232 
1233 
1233 
1233 
1235 
1236 
1236 
1238 
1239 
1239 
1239 
1241 
1241 
1243 
1245 
1245 
1245 
1246 
1246 
1246 
1252 
1253 
1254 
1254 
1256 
1256 
1257 
1258 
1259 
1259 
1259 
1259 
1262 
1262 
1264 
1265 
1265 
1265 
1266 
1267 
1267 
1268 
1270 
1270 
1272 
1273 
1274 
1276 
1277 
1277 
1278 
1279 
1279 
1280 
1280 
1282 
1283 
1284 
1286 
1287 
1288 
1288 
1289 
1290 
1291 
1291 
1291 
1292 
1293 
1294 
1294 
1294 
1295 
1295 
1296 
1297 
1298 
1298 
1299 
1299 
1299 
1300 
1301 
1301 
1303 
1304 
1304 
1305 
1306 
1307 
1309 
1309 
1309 
1311 
1311 
1311 
1313 
1313 
1313 
1314 
1314 
1316 
1317 
1317 
1319 
1319 
1320 
1321 
1321 
1322 
1326 
1327 
1327 
1328 
1329 
1330 
1331 
1332 
1336 
1336 
1338 
1338 
1340 
1341 
1343 
1345 
1346 
1346 
1349 
1350 
1350 
1350 
1352 
1357 
1358 
1359 
1359 
1363 
1363 
1363 
1366 
1367 
1370 
1370 
1371 
1372 
1373 
1373 
1374 
1375 
1378 
1379 
1379 
1379 
1382 
1382 
1382 
1382 
1383 
1383 
1384 
1386 
1388 
1388 
1389 
1389 
1390 
1391 
1391 
1392 
1393 
1394 
1394 
1395 
1396 
1397 
1399 
1399 
1400 
1402 
1403 
1404 
1405 
1406 
1408 
1408 
1408 
1408 
1409 
1410 
1415 
1415 
1418 
1418 
1418 
1419 
1420 
1422 
1422 
1424 
1425 
1425 
1425 
1425 
1426 
1426 
1427 
1428 
1429 
1430 
1430 
1431 
1431 
1433 
1433 
1434 
1439 
1439 
1441 
1441 
1441 
1442 
1442 
1444 
1446 
1449 
1451 
1452 
1452 
1452 
1453 
1456 
1456 
1457 
1458 
1459 
1459 
1459 
1462 
1464 
1464 
1466 
1469 
1470 
1470 
1470 
1471 
1472 
1472 
1472 
1473 
1473 
1475 
1476 
1477 
1481 
1482 
1484 
1485 
1485 
1487 
1489 
1491 
1493 
1494 
1494 
1494 
1496 
1497 
1500 
1500 
1501 
1501 
1502 
1503 
1503 
1506 
1506 
1507 
1507 
1508 
1508 
1508 
1509 
1509 
1510 
1510 
1513 
1515 
1515 
1516 
1516 
1516 
1516 
1517 
1517 
1519 
1519 
1519 
1520 
1521 
1522 
1523 
1525 
1525 
1525 
1525 
1526 
1527 
1529 
1531 
1536 
1536 
1537 
1537 
1538 
1539 
1539 
1540 
1540 
1541 
1542 
1542 
1542 
1542 
1542 
1544 
1545 
1547 
1549 
1551 
1551 
1553 
1555 
1555 
1558 
1558 
1562 
1563 
1564 
1564 
1565 
1566 
1566 
1567 
1568 
1569 
1570 
1570 
1572 
1573 
1574 
1574 
1577 
1578 
1579 
1579 
1581 
1581 
1584 
1585 
1586 
1587 
1588 
1590 
1590 
1592 
1593 
1595 
1595 
1595 
1595 
1596 
1597 
1598 
1600 
1600 
1601 
1601 
1602 
1605 
1606 
1607 
1608 
1608 
1608 
1610 
1610 
1612 
1613 
1615 
1616 
1616 
1616 
1617 
1617 
1618 
1619 
1619 
1620 
1622 
1622 
1622 
1624 
1625 
1626 
1627 
1628 
1632 
1632 
1632 
1635 
1638 
1641 
1642 
1642 
1642 
1644 
1644 
1644 
1647 
1647 
1648 
1649 
1651 
1652 
1652 
1652 
1653 
1654 
1654 
1655 
1656 
1657 
1659 
1659 
1660 
1660 
1661 
1663 
1663 
1664 
1665 
1665 
1666 
1667 
1670 
1670 
1670 
1672 
1672 
1672 
1672 
1673 
1673 
1674 
1678 
1678 
1678 
1680 
1680 
1681 
1683 
1684 
1684 
1684 
1684 
1686 
1688 
1689 
1690 
1691 
1692 
1693 
1694 
1696 
1697 
1698 
1698 
1699 
1700 
1701 
1703 
1703 
1705 
1709 
1709 
1709 
1711 
1712 
1712 
1713 
1714 
1714 
1715 
1716 
1717 
1717 
1718 
1719 
1721 
1722 
1723 
1723 
1723 
1723 
1725 
1725 
1726 
1728 
1729 
1730 
1730 
1732 
1732 
1734 
1737 
1738 
1740 
1742 
1743 
1743 
1743 
1744 
1744 
1745 
1745 
1749 
1750 
1751 
1752 
1753 
1754 
1755 
1756 
1756 
1758 
1758 
1759 
1760 
1760 
1761 
1763 
1765 
1765 
1766 
1769 
1769 
1769 
1772 
1772 
1772 
1773 
1775 
1777 
1778 
1779 
1780 
1780 
1781 
1781 
1782 
1783 
1783 
1785 
1786 
1787 
1788 
1788 
1789 
1792 
1793 
1795 
1796 
1796 
1796 
1796 
1796 
1797 
1797 
1797 
1799 
1799 
1802 
1803 
1804 
1806 
1807 
1809 
1810 
1811 
1814 
1814 
1814 
1815 
1816 
1816 
1818 
1818 
1819 
1821 
1821 
1823 
1823 
1823 
1824 
1824 
1827 
1828 
1831 
1832 
1833 
1833 
1836 
1836 
1837 
1837 
1838 
1838 
1838 
1838 
1840 
1840 
1841 
1842 
1842 
1843 
1845 
1845 
1846 
1847 
1849 
1851 
1853 
1854 
1854 
1856 
1856 
1856 
1856 
1858 
1863 
1864 
1866 
1866 
1869 
1869 
1869 
1869 
1869 
1870 
1870 
1870 
1871 
1871 
1871 
1873 
1873 
1873 
1874 
1875 
1876 
1876 
1876 
1877 
1877 
1877 
1877 
1877 
1879 
1881 
1882 
1882 
1884 
1885 
1886 
1886 
1888 
1888 
1888 
1889 
1889 
1890 
1892 
1894 
1894 
1897 
1900 
1903 
1904 
1904 
1904 
1905 
1908 
1908 
1909 
1909 
1909 
1910 
1911 
1912 
1912 
1915 
1916 
1916 
1918 
1920 
1921 
1922 
1923 
1923 
1923 
1925 
1926 
1926 
1926 
1928 
1928 
1928 
1929 
1929 
1931 
1933 
1933 
1935 
1935 
1935 
1936 
1937 
1937 
1940 
1940 
1941 
1942 
1942 
1943 
1944 
1945 
1946 
1946 
1947 
1947 
1951 
1951 
1952 
1952 
1953 
1953 
1954 
1954 
1954 
1954 
1954 
1955 
1959 
1959 
1959 
1960 
1962 
1962 
1963 
1963 
1965 
1965 
1965 
1966 
1968 
1969 
1970 
1970 
1972 
1972 
1975 
1977 
1977 
1978 
1978 
1978 
1978 
1979 
1980 
1983 
1983 
1985 
1985 
1987 
1988 
1988 
1988 
1989 
1989 
1989 
1989 
1991 
1991 
1995 
1995 
1998 
1998 
1999 
1999 
2000 
2000 
2002 
2003 
2004 
2004 
2004 
2004 
2005 
2007 
2007 
2007 
2008 
2010 
2011 
2013 
2016 
2018 
2018 
2019 
2021 
2021 
2022 
2022 
2022 
2023 
2024 
2025 
2027 
2028 
2028 
2029 
2030 
2030 
2031 
2031 
2031 
2032 
2032 
2034 
2038 
2039 
2039 
2040 
2041 
2041 
2042 
2042 
2043 
2044 
2045 
2045 
2046 
2046 
2047 
2049 
2051 
2051 
2051 
2052 
2052 
2053 
2055 
2055 
2057 
2059 
2059 
2060 
2061 
2064 
2064 
2066 
2066 
2067 
2070 
2073 
2073 
2074 
2075 
2076 
2077 
2077 
2077 
2078 
2078 
2082 
2083 
2085 
2086 
2090 
2091 
2092 
2093 
2095 
2095 
2096 
2098 
2099 
2099 
2099 
2100 
2102 
2103 
2103 
2103 
2104 
2105 
2108 
2108 
2110 
2113 
2115 
2116 
2117 
2118 
2118 
2118 
2122 
2122 
2123 
2127 
2128 
2130 
2130 
2131 
2132 
2134 
2137 
2137 
2137 
2138 
2139 
2139 
2140 
2142 
2143 
2143 
2146 
2146 
2147 
2149 
2149 
2151 
2151 
2152 
2152 
2153 
2154 
2156 
2156 
2158 
2158 
2159 
2159 
2159 
2161 
2162 
2163 
2165 
2168 
2169 
2170 
2171 
2172 
2173 
2174 
2174 
2175 
2175 
2178 
2181 
2182 
2183 
2184 
2186 
2186 
2187 
2188 
2192 
2192 
2192 
2193 
2197 
2198 
2198 
2200 
2201 
2201 
2201 
2203 
2205 
2206 
2207 
2208 
2209 
2209 
2211 
2211 
2212 
2213 
2214 
2214 
2216 
2216 
2218 
2218 
2219 
2219 
2220 
2221 
2222 
2222 
2222 
2223 
2224 
2224 
2225 
2227 
2227 
2227 
2227 
2227 
2227 
2228 
2229 
2229 
2229 
2230 
2230 
2231 
2231 
2233 
2235 
2235 
2236 
2236 
2236 
2239 
2240 
2241 
2241 
2243 
2243 
2246 
2247 
2247 
2247 
2249 
2249 
2250 
2251 
2252 
2252 
2252 
2252 
2252 
2253 
2255 
2256 
2257 
2259 
2259 
2261 
2262 
2264 
2266 
2269 
2269 
2271 
2272 
2273 
2273 
2275 
2275 
2275 
2276 
2278 
2280 
2283 
2284 
2284 
2284 
2285 
2285 
2286 
2286 
2286 
2288 
2289 
2290 
2291 
2291 
2291 
2292 
2292 
2293 
2294 
2295 
2296 
2297 
2298 
2298 
2299 
2299 
2302 
2302 
2305 
2307 
2307 
2308 
2308 
2310 
2310 
2312 
2313 
2314 
2315 
2315 
2317 
2317 
2318 
2319 
2320 
2320 
2325 
2326 
2328 
2328 
2328 
2329 
2329 
2330 
2331 
2333 
2334 
2335 
2335 
2336 
2337 
2337 
2337 
2338 
2341 
2341 
2344 
2349 
2349 
2350 
2350 
2352 
2352 
2353 
2354 
2354 
2354 
2356 
2356 
2357 
2357 
2357 
2357 
2358 
2358 
2360 
2361 
2362 
2364 
2368 
2368 
2369 
2370 
2371 
2372 
2373 
2374 
2374 
2375 
2375 
2376 
2377 
2378 
2381 
2381 
2382 
2382 
2383 
2384 
2385 
2385 
2387 
2389 
2390 
2392 
2393 
2393 
2393 
2394 
2395 
2395 
2395 
2396 
2398 
2399 
2399 
2401 
2401 
2402 
2403 
2405 
2405 
2405 
2406 
2408 
2408 
2409 
2410 
2410 
2411 
2411 
2413 
2414 
2415 
2418 
2418 
2419 
2419 
2420 
2422 
2423 
2427 
2428 
2429 
2429 
2431 
2431 
2432 
2433 
2435 
2435 
2436 
2438 
2442 
2445 
2445 
2445 
2446 
2446 
2446 
2449 
2451 
2453 
2454 
2454 
2457 
2460 
2460 
2461 
2461 
2462 
2463 
2464 
2464 
2465 
2465 
2465 
2467 
2469 
2469 
2470 
2470 
2471 
2471 
2473 
2473 
2474 
2474 
2475 
2477 
2478 
2480 
2481 
2482 
2484 
2484 
2484 
2485 
2485 
2486 
2488 
2489 
2490 
2490 
2492 
2492 
2493 
2493 
2494 
2494 
2495 
2496 
2496 
2496 
2498 
2499 
2500 
2501 
2502 
2502 
2502 
2503 
2503 
2505 
2505 
2506 
2508 
2512 
2512 
2515 
2517 
2517 
2517 
2517 
2519 
2519 
2520 
2522 
2524 
2524 
2525 
2528 
2531 
2535 
2536 
2537 
2542 
2543 
2545 
2545 
2546 
2547 
2548 
2552 
2552 
2552 
2552 
2553 
2553 
2554 
2555 
2556 
2557 
2557 
2558 
2559 
2559 
2561 
2561 
2561 
2561 
2563 
2563 
2566 
2566 
2568 
2569 
2569 
2571 
2571 
2571 
2571 
2572 
2573 
2575 
2576 
2578 
2578 
2578 
2579 
2580 
2580 
2581 
2581 
2582 
2583 
2583 
2584 
2584 
2585 
2585 
2587 
2587 
2588 
2588 
2589 
2590 
2593 
2594 
2596 
2597 
2599 
2600 
2600 
2600 
2601 
2602 
2602 
2603 
2603 
2605 
2606 
2608 
2608 
2608 
2608 
2609 
2610 
2610 
2610 
2611 
2611 
2611 
2611 
2613 
2613 
2613 
2614 
2615 
2616 
2617 
2619 
2619 
2619 
2623 
2624 
2625 
2625 
2626 
2627 
2627 
2630 
2630 
2631 
2632 
2637 
2642 
2643 
2648 
2649 
2650 
2651 
2652 
2652 
2653 
2653 
2653 
2654 
2655 
2655 
2656 
2659 
2659 
2660 
2660 
2660 
2661 
2662 
2662 
2662 
2664 
2666 
2666 
2667 
2669 
2670 
2670 
2672 
2672 
2675 
2676 
2676 
2676 
2677 
2678 
2678 
2680 
2683 
2684 
2684 
2685 
2685 
2686 
2687 
2687 
2687 
2688 
2691 
2692 
2693 
2694 
2694 
2694 
2695 
2695 
2696 
2697 
2699 
2699 
2700 
2700 
2701 
2702 
2703 
2704 
2705 
2707 
2707 
2707 
2707 
2708 
2708 
2708 
2710 
2710 
2710 
2711 
2711 
2712 
2714 
2714 
2720 
2721 
2723 
2724 
2724 
2725 
2726 
2727 
2729 
2730 
2731 
2731 
2732 
2733 
2733 
2734 
2734 
2736 
2739 
2740 
2741 
2741 
2743 
2743 
2744 
2744 
2744 
2745 
2746 
2746 
2747 
2749 
2750 
2750 
2751 
2754 
2754 
2754 
2754 
2760 
2761 
2762 
2763 
2763 
2763 
2764 
2765 
2765 
2765 
2767 
2767 
2767 
2768 
2769 
2770 
2772 
2773 
2773 
2773 
2773 
2773 
2774 
2775 
2780 
2781 
2781 
2782 
2783 
2785 
2787 
2788 
2791 
2795 
2795 
2796 
2798 
2798 
2802 
2802 
2802 
2802 
2802 
2804 
2805 
2805 
2807 
2809 
2810 
2810 
2812 
2812 
2813 
2813 
2813 
2815 
2815 
2816 
2817 
2817 
2818 
2820 
2820 
2822 
2823 
2825 
2826 
2829 
2829 
2829 
2830 
2831 
2832 
2833 
2834 
2836 
2836 
2836 
2836 
2838 
2840 
2841 
2842 
2844 
2845 
2846 
2846 
2846 
2847 
2847 
2848 
2849 
2850 
2850 
2853 
2855 
2855 
2855 
2855 
2856 
2857 
2860 
2860 
2862 
2863 
2865 
2866 
2869 
2870 
2870 
2871 
2872 
2872 
2872 
2872 
2874 
2874 
2875 
2876 
2876 
2877 
2877 
2878 
2878 
2880 
2880 
2882 
2883 
2885 
2886 
2886 
2887 
2888 
2889 
2893 
2894 
2895 
2895 
2895 
2902 
2902 
2903 
2903 
2905 
2905 
2907 
2908 
2911 
2912 
2914 
2915 
2915 
2916 
2918 
2919 
2919 
2919 
2920 
2920 
2923 
2924 
2924 
2925 
2926 
2926 
2926 
2930 
2931 
2933 
2934 
2934 
2934 
2940 
2940 
2941 
2942 
2943 
2944 
2948 
2948 
2949 
2951 
2951 
2953 
2953 
2953 
2953 
2954 
2954 
2954 
2956 
2957 
2957 
2958 
2958 
2958 
2959 
2959 
2960 
2960 
2962 
2963 
2963 
2965 
2966 
2966 
2967 
2967 
2967 
2969 
2969 
2972 
2973 
2974 
2974 
2975 
2980 
2980 
2980 
2982 
2982 
2983 
2983 
2984 
2986 
2987 
2988 
2990 
2990 
2991 
2991 
2993 
2994 
2997 
2998 
2998 
2998 
2999 
2999 
2999 
3001 
3001 
3003 
3004 
3006 
3007 
3007 
3008 
3012 
3013 
3015 
3016 
3016 
3017 
3017 
3019 
3020 
3021 
3021 
3022 
3025 
3026 
3028 
3029 
3029 
3030 
3030 
3032 
3032 
3034 
3034 
3036 
3037 
3038 
3038 
3043 
3043 
3046 
3046 
3047 
3049 
3049 
3049 
3051 
3051 
3053 
3053 
3053 
3054 
3055 
3056 
3057 
3060 
3061 
3065 
3067 
3069 
3070 
3072 
3072 
3073 
3073 
3074 
3074 
3075 
3075 
3075 
3075 
3076 
3079 
3081 
3081 
3081 
3082 
3083 
3084 
3085 
3086 
3086 
3087 
3087 
3089 
3092 
3092 
3093 
3097 
3101 
3102 
3102 
3105 
3105 
3107 
3108 
3110 
3110 
3111 
3112 
3113 
3114 
3114 
3114 
3115 
3115 
3118 
3119 
3119 
3120 
3120 
3121 
3121 
3122 
3122 
3123 
3124 
3124 
3125 
3125 
3127 
3131 
3133 
3133 
3133 
3133 
3136 
3136 
3140 
3141 
3141 
3141 
3143 
3144 
3144 
3144 
3146 
3146 
3149 
3149 
3151 
3155 
3156 
3157 
3157 
3158 
3159 
3160 
3160 
3160 
3162 
3162 
3162 
3162 
3163 
3167 
3167 
3167 
3167 
3168 
3169 
3169 
3170 
3171 
3171 
3172 
3172 
3173 
3174 
3176 
3176 
3176 
3177 
3177 
3177 
3178 
3179 
3180 
3180 
3182 
3183 
3184 
3185 
3185 
3186 
3187 
3188 
3189 
3190 
3190 
3192 
3192 
3193 
3197 
3197 
3198 
3199 
3200 
3201 
3202 
3203 
3203 
3203 
3206 
3206 
3207 
3208 
3209 
3209 
3210 
3211 
3213 
3213 
3214 
3215 
3216 
3218 
3218 
3218 
3220 
3220 
3221 
3223 
3225 
3229 
3229 
3230 
3231 
3231 
3232 
3232 
3234 
3235 
3235 
3236 
3239 
3240 
3240 
3242 
3243 
3244 
3247 
3247 
3251 
3251 
3252 
3253 
3253 
3257 
3257 
3262 
3262 
3263 
3265 
3266 
3267 
3268 
3269 
3269 
3269 
3269 
3270 
3270 
3273 
3275 
3275 
3276 
3276 
3276 
3277 
3279 
3280 
3280 
3281 
3282 
3283 
3284 
3286 
3287 
3287 
3287 
3288 
3288 
3289 
3291 
3292 
3293 
3294 
3296 
3296 
3299 
3300 
3301 
3301 
3302 
3306 
3308 
3312 
3318 
3319 
3320 
3325 
3325 
3326 
3327 
3328 
3330 
3332 
3332 
3332 
3334 
3336 
3337 
3338 
3339 
3340 
3341 
3341 
3341 
3341 
3345 
3346 
3350 
3351 
3352 
3352 
3354 
3356 
3357 
3357 
3357 
3357 
3357 
3361 
3364 
3364 
3364 
3366 
3367 
3367 
3368 
3370 
3370 
3370 
3370 
3370 
3372 
3372 
3373 
3374 
3375 
3376 
3376 
3377 
3377 
3378 
3381 
3382 
3383 
3383 
3383 
3385 
3386 
3389 
3390 
3390 
3392 
3393 
3396 
3396 
3397 
3397 
3398 
3399 
3400 
3402 
3402 
3403 
3404 
3404 
3404 
3409 
3410 
3412 
3412 
3412 
3413 
3414 
3415 
3415 
3417 
3417 
3418 
3418 
3418 
3418 
3419 
3419 
3420 
3421 
3421 
3421 
3422 
3422 
3423 
3423 
3425 
3426 
3427 
3428 
3429 
3431 
3431 
3432 
3432 
3433 
3433 
3433 
3433 
3434 
3435 
3435 
3439 
3441 
3441 
3443 
3445 
3445 
3446 
3446 
3447 
3447 
3447 
3447 
3447 
3448 
3449 
3449 
3451 
3451 
3452 
3454 
3454 
3454 
3455 
3458 
3459 
3459 
3460 
3463 
3464 
3465 
3468 
3468 
3468 
3469 
3473 
3476 
3476 
3477 
3477 
3477 
3477 
3478 
3479 
3479 
3485 
3485 
3486 
3487 
3488 
3492 
3492 
3493 
3495 
3496 
3498 
3498 
3499 
3499 
3502 
3504 
3505 
3505 
3506 
3509 
3515 
3515 
3516 
3516 
3519 
3520 
3521 
3522 
3522 
3523 
3524 
3524 
3525 
3526 
3528 
3528 
3529 
3529 
3530 
3530 
3533 
3533 
3535 
3536 
3536 
3537 
3538 
3539 
3541 
3541 
3543 
3545 
3545 
3545 
3547 
3548 
3548 
3548 
3548 
3550 
3550 
3551 
3552 
3552 
3553 
3553 
3555 
3555 
3556 
3558 
3558 
3561 
3561 
3561 
3563 
3564 
3566 
3567 
3570 
3570 
3571 
3573 
3576 
3576 
3578 
3579 
3581 
3581 
3582 
3582 
3586 
3587 
3587 
3588 
3589 
3591 
3592 
3593 
3593 
3593 
3594 
3597 
3598 
3599 
3600 
3600 
3601 
3601 
3601 
3602 
3602 
3604 
3605 
3606 
3607 
3607 
3609 
3610 
3612 
3612 
3616 
3616 
3617 
3617 
3617 
3617 
3618 
3619 
3621 
3621 
3621 
3622 
3623 
3624 
3624 
3625 
3625 
3626 
3626 
3627 
3627 
3627 
3627 
3628 
3628 
3631 
3632 
3632 
3634 
3637 
3641 
3642 
3644 
3644 
3645 
3645 
3646 
3647 
3648 
3648 
3649 
3649 
3649 
3649 
3650 
3650 
3651 
3652 
3652 
3653 
3655 
3656 
3657 
3657 
3657 
3658 
3658 
3658 
3659 
3659 
3660 
3660 
3661 
3662 
3662 
3663 
3666 
3667 
3668 
3669 
3669 
3670 
3671 
3671 
3672 
3673 
3674 
3674 
3675 
3676 
3678 
3678 
3680 
3682 
3682 
3686 
3687 
3688 
3689 
3689 
3689 
3690 
3690 
3690 
3691 
3692 
3693 
3695 
3697 
3699 
3701 
3702 
3703 
3703 
3706 
3706 
3706 
3706 
3707 
3707 
3707 
3708 
3708 
3709 
3709 
3709 
3711 
3711 
3712 
3713 
3714 
3715 
3715 
3716 
3718 
3718 
3718 
3719 
3721 
3724 
3729 
3730 
3731 
3735 
3737 
3739 
3740 
3740 
3741 
3741 
3741 
3741 
3741 
3742 
3742 
3744 
3744 
3745 
3745 
3745 
3747 
3747 
3749 
3752 
3752 
3752 
3755 
3759 
3760 
3761 
3764 
3765 
3765 
3766 
3767 
3769 
3772 
3773 
3773 
3774 
3775 
3775 
3775 
3776 
3777 
3778 
3779 
3779 
3779 
3779 
3779 
3781 
3783 
3784 
3784 
3785 
3789 
3790 
3790 
3791 
3791 
3795 
3795 
3796 
3797 
3798 
3798 
3799 
3799 
3800 
3802 
3803 
3806 
3807 
3808 
3810 
3811 
3812 
3812 
3813 
3815 
3817 
3817 
3818 
3821 
3823 
3825 
3825 
3826 
3827 
3827 
3828 
3828 
3829 
3829 
3830 
3830 
3830 
3831 
3832 
3833 
3833 
3833 
3836 
3836 
3836 
3837 
3839 
3839 
3842 
3842 
3845 
3848 
3848 
3852 
3856 
3856 
3858 
3859 
3860 
3860 
3861 
3862 
3862 
3862 
3863 
3864 
3864 
3868 
3868 
3869 
3869 
3870 
3871 
3873 
3873 
3874 
3876 
3877 
3878 
3879 
3881 
3881 
3881 
3881 
3882 
3883 
3883 
3883 
3885 
3886 
3887 
3887 
3888 
3893 
3893 
3893 
3893 
3894 
3894 
3895 
3896 
3897 
3897 
3899 
3901 
3901 
3901 
3902 
3902 
3903 
3904 
3906 
3906 
3906 
3908 
3908 
3912 
3913 
3914 
3914 
3916 
3916 
3918 
3918 
3919 
3919 
3920 
3920 
3921 
3921 
3922 
3922 
3922 
3922 
3926 
3927 
3927 
3928 
3929 
3930 
3930 
3932 
3932 
3935 
3935 
3935 
3940 
3941 
3943 
3944 
3944 
3944 
3945 
3946 
3947 
3947 
3949 
3949 
3949 
3950 
3950 
3952 
3952 
3954 
3954 
3954 
3954 
3954 
3956 
3956 
3956 
3957 
3957 
3957 
3958 
3958 
3958 
3958 
3959 
3961 
3962 
3963 
3965 
3968 
3968 
3968 
3969 
3971 
3971 
3973 
3973 
3975 
3977 
3978 
3979 
3979 
3980 
3981 
3982 
3984 
3985 
3985 
3986 
3986 
3987 
3987 
3987 
3988 
3988 
3989 
3990 
3990 
3991 
3992 
3992 
3993 
3994 
3994 
3994 
3995 
3996 
3998 
4001 
4002 
4002 
4002 
4003 
4004 
4004 
4005 
4005 
4005 
4005 
4006 
4006 
4008 
4008 
4009 
4009 
4010 
4010 
4011 
4011 
4012 
4013 
4020 
4022 
4026 
4027 
4029 
4029 
4029 
4032 
4033 
4033 
4034 
4034 
4035 
4037 
4037 
4039 
4040 
4040 
4044 
4045 
4046 
4048 
4051 
4055 
4055 
4056 
4059 
4061 
4062 
4062 
4064 
4064 
4067 
4068 
4069 
4069 
4070 
4070 
4070 
4070 
4073 
4073 
4074 
4074 
4074 
4074 
4075 
4075 
4075 
4075 
4075 
4076 
4077 
4077 
4078 
4079 
4080 
4081 
4083 
4084 
4084 
4084 
4085 
4085 
4086 
4086 
4087 
4088 
4088 
4089 
4090 
4090 
4090 
4091 
4092 
4092 
4094 
4095 
4097 
4097 
4099 
4100 
4100 
4101 
4102 
4102 
4105 
4106 
4107 
4109 
4110 
4110 
4112 
4113 
4113 
4113 
4114 
4114 
4114 
4116 
4116 
4117 
4119 
4120 
4120 
4120 
4120 
4121 
4121 
4123 
4124 
4125 
4130 
4130 
4130 
4131 
4132 
4132 
4134 
4135 
4136 
4137 
4138 
4139 
4140 
4140 
4140 
4140 
4141 
4142 
4142 
4143 
4144 
4146 
4147 
4148 
4148 
4149 
4151 
4152 
4153 
4154 
4154 
4154 
4154 
4156 
4156 
4157 
4157 
4158 
4158 
4159 
4159 
4159 
4160 
4160 
4164 
4165 
4165 
4165 
4166 
4167 
4167 
4167 
4168 
4170 
4174 
4175 
4175 
4175 
4176 
4178 
4179 
4180 
4180 
4180 
4181 
4182 
4183 
4189 
4191 
4191 
4191 
4192 
4192 
4193 
4194 
4196 
4197 
4199 
4199 
4199 
4200 
4200 
4200 
4201 
4202 
4203 
4203 
4204 
4205 
4205 
4206 
4207 
4208 
4208 
4209 
4211 
4212 
4213 
4214 
4215 
4215 
4215 
4216 
4218 
4218 
4224 
4224 
4224 
4225 
4226 
4226 
4229 
4231 
4231 
4231 
4232 
4235 
4235 
4238 
4238 
4238 
4240 
4240 
4242 
4246 
4248 
4248 
4249 
4249 
4251 
4253 
4255 
4255 
4256 
4257 
4258 
4258 
4258 
4260 
4262 
4263 
4264 
4264 
4266 
4266 
4268 
4269 
4270 
4273 
4273 
4273 
4275 
4277 
4280 
4280 
4284 
4284 
4286 
4287 
4288 
4289 
4290 
4290 
4291 
4292 
4293 
4294 
4294 
4294 
4295 
4297 
4297 
4297 
4298 
4299 
4301 
4302 
4305 
4306 
4307 
4307 
4309 
4309 
4312 
4313 
4313 
4314 
4315 
4316 
4318 
4319 
4322 
4324 
4326 
4328 
4330 
4332 
4332 
4334 
4336 
4337 
4339 
4341 
4342 
4342 
4343 
4343 
4343 
4344 
4345 
4345 
4347 
4347 
4349 
4350 
4350 
4350 
4350 
4351 
4353 
4353 
4354 
4355 
4355 
4355 
4356 
4356 
4358 
4360 
4360 
4361 
4362 
4362 
4363 
4363 
4364 
4364 
4365 
4365 
4366 
4366 
4368 
4370 
4372 
4372 
4372 
4374 
4376 
4376 
4378 
4379 
4380 
4381 
4381 
4381 
4382 
4383 
4384 
4385 
4389 
4390 
4391 
4391 
4391 
4392 
4394 
4394 
4394 
4396 
4399 
4399 
4402 
4402 
4402 
4402 
4403 
4403 
4405 
4405 
4405 
4405 
4406 
4407 
4410 
4410 
4413 
4414 
4415 
4416 
4416 
4418 
4420 
4422 
4423 
4424 
4425 
4425 
4427 
4429 
4429 
4430 
4430 
4431 
4433 
4433 
4436 
4436 
4436 
4437 
4438 
4439 
4441 
4442 
4445 
4446 
4449 
4449 
4450 
4451 
4454 
4454 
4456 
4457 
4458 
4458 
4458 
4459 
4462 
4465 
4465 
4466 
4466 
4467 
4469 
4469 
4470 
4470 
4471 
4472 
4473 
4474 
4478 
4478 
4482 
4482 
4483 
4485 
4491 
4492 
4492 
4496 
4496 
4496 
4497 
4497 
4498 
4498 
4498 
4499 
4499 
4501 
4501 
4502 
4503 
4504 
4505 
4506 
4506 
4507 
4507 
4510 
4511 
4511 
4513 
4513 
4515 
4515 
4515 
4518 
4520 
4520 
4521 
4521 
4522 
4522 
4522 
4522 
4523 
4526 
4527 
4527 
4530 
4530 
4533 
4533 
4533 
4535 
4535 
4537 
4538 
4540 
4540 
4540 
4541 
4542 
4542 
4542 
4543 
4545 
4545 
4546 
4546 
4547 
4547 
4548 
4549 
4549 
4550 
4551 
4552 
4554 
4555 
4558 
4559 
4560 
4561 
4561 
4561 
4561 
4562 
4566 
4566 
4567 
4568 
4571 
4571 
4572 
4573 
4573 
4574 
4575 
4575 
4576 
4577 
4578 
4578 
4578 
4580 
4581 
4581 
4582 
4583 
4583 
4584 
4584 
4585 
4587 
4588 
4588 
4589 
4590 
4590 
4590 
4591 
4591 
4593 
4594 
4594 
4594 
4596 
4596 
4597 
4598 
4601 
4604 
4606 
4608 
4608 
4609 
4611 
4611 
4614 
4615 
4615 
4616 
4616 
4618 
4618 
4618 
4619 
4620 
4620 
4621 
4621 
4621 
4622 
4623 
4626 
4627 
4628 
4628 
4628 
4628 
4629 
4630 
4631 
4631 
4634 
4634 
4634 
4637 
4639 
4640 
4642 
4642 
4642 
4643 
4645 
4646 
4646 
4647 
4647 
4647 
4648 
4648 
4649 
4650 
4651 
4653 
4654 
4655 
4656 
4657 
4659 
4659 
4660 
4661 
4661 
4662 
4663 
4663 
4665 
4666 
4667 
4667 
4667 
4668 
4668 
4669 
4670 
4673 
4674 
4674 
4676 
4676 
4676 
4678 
4679 
4682 
4683 
4684 
4685 
4688 
4688 
4689 
4690 
4690 
4691 
4692 
4692 
4693 
4693 
4694 
4694 
4695 
4696 
4697 
4697 
4699 
4701 
4701 
4702 
4703 
4703 
4704 
4705 
4706 
4706 
4708 
4708 
4709 
4710 
4711 
4712 
4712 
4714 
4715 
4717 
4717 
4718 
4719 
4719 
4720 
4721 
4722 
4726 
4726 
4729 
4730 
4730 
4731 
4733 
4733 
4735 
4736 
4738 
4738 
4739 
4740 
4740 
4741 
4743 
4743 
4744 
4745 
4748 
4748 
4749 
4750 
4751 
4753 
4753 
4754 
4754 
4758 
4759 
4760 
4760 
4761 
4764 
4764 
4764 
4764 
4766 
4767 
4769 
4770 
4772 
4774 
4775 
4776 
4776 
4776 
4778 
4780 
4784 
4786 
4786 
4787 
4789 
4789 
4790 
4790 
4791 
4791 
4792 
4793 
4793 
4794 
4794 
4797 
4799 
4800 
4800 
4801 
4803 
4803 
4805 
4805 
4805 
4806 
4809 
4809 
4809 
4810 
4812 
4814 
4815 
4816 
4816 
4819 
4820 
4820 
4821 
4824 
4824 
4824 
4824 
4825 
4825 
4826 
4826 
4828 
4828 
4829 
4830 
4831 
4831 
4832 
4833 
4834 
4834 
4835 
4835 
4836 
4837 
4837 
4841 
4842 
4845 
4845 
4846 
4848 
4848 
4848 
4849 
4852 
4853 
4854 
4855 
4859 
4859 
4860 
4861 
4864 
4867 
4868 
4868 
4869 
4871 
4871 
4873 
4877 
4878 
4880 
4882 
4883 
4883 
4883 
4883 
4884 
4884 
4884 
4887 
4888 
4891 
4891 
4891 
4892 
4892 
4893 
4893 
4893 
4894 
4894 
4896 
4896 
4898 
4899 
4900 
4900 
4900 
4903 
4903 
4904 
4905 
4905 
4907 
4908 
4910 
4910 
4911 
4911 
4912 
4913 
4914 
4914 
4915 
4915 
4915 
4917 
4917 
4917 
4917 
4918 
4919 
4921 
4922 
4923 
4924 
4924 
4925 
4926 
4926 
4927 
4927 
4927 
4927 
4928 
4928 
4929 
4929 
4929 
4931 
4933 
4933 
4933 
4934 
4938 
4940 
4941 
4942 
4944 
4945 
4947 
4947 
4948 
4949 
4950 
4951 
4951 
4953 
4954 
4956 
4957 
4960 
4961 
4963 
4963 
4966 
4967 
4967 
4968 
4970 
4973 
4974 
4974 
4974 
4975 
4975 
4977 
4980 
4980 
4982 
4985 
4985 
4987 
4987 
4989 
4990 
4990 
4990 
4991 
4992 
4994 
4994 
4994 
4995 
4997 
4998 
5002 
5002 
5002 
5003 
5004 
5004 
5005 
5006 
5006 
5006 
5006 
5009 
5013 
5013 
5014 
5014 
5015 
5015 
5015 
5015 
5016 
5017 
5017 
5017 
5018 
5019 
5021 
5022 
5022 
5023 
5024 
5024 
5025 
5025 
5026 
5027 
5028 
5029 
5029 
5029 
5031 
5033 
5033 
5036 
5036 
5041 
5042 
5044 
5045 
5045 
5046 
5046 
5046 
5047 
5048 
5050 
5050 
5054 
5054 
5055 
5056 
5056 
5056 
5058 
5058 
5060 
5061 
5062 
5065 
5066 
5066 
5068 
5068 
5069 
5069 
5069 
5070 
5071 
5073 
5073 
5074 
5077 
5078 
5080 
5080 
5081 
5081 
5082 
5082 
5084 
5084 
5084 
5085 
5085 
5085 
5087 
5089 
5089 
5092 
5095 
5096 
5096 
5097 
5102 
5102 
5102 
5103 
5106 
5106 
5108 
5109 
5111 
5111 
5111 
5115 
5116 
5117 
5118 
5119 
5121 
5121 
5121 
5122 
5122 
5122 
5123 
5123 
5124 
5126 
5126 
5127 
5127 
5128 
5129 
5131 
5134 
5135 
5138 
5139 
5139 
5139 
5140 
5141 
5143 
5143 
5143 
5144 
5145 
5146 
5149 
5149 
5150 
5153 
5154 
5156 
5157 
5158 
5160 
5161 
5162 
5166 
5169 
5173 
5174 
5174 
5175 
5176 
5179 
5182 
5186 
5187 
5188 
5188 
5190 
5190 
5191 
5192 
5193 
5194 
5195 
5196 
5196 
5198 
5199 
5199 
5200 
5200 
5201 
5202 
5205 
5205 
5205 
5205 
5207 
5208 
5208 
5213 
5217 
5223 
5223 
5224 
5224 
5225 
5225 
5225 
5226 
5226 
5227 
5229 
5229 
5230 
5230 
5231 
5231 
5232 
5233 
5235 
5236 
5238 
5238 
5238 
5239 
5239 
5239 
5239 
5240 
5240 
5241 
5244 
5244 
5245 
5245 
5245 
5248 
5249 
5249 
5250 
5252 
5252 
5253 
5255 
5256 
5257 
5259 
5260 
5261 
5263 
5265 
5266 
5267 
5268 
5268 
5269 
5271 
5271 
5271 
5271 
5272 
5273 
5274 
5274 
5275 
5276 
5277 
5278 
5281 
5282 
5284 
5284 
5286 
5287 
5287 
5289 
5291 
5292 
5293 
5293 
5295 
5295 
5296 
5296 
5297 
5298 
5298 
5299 
5301 
5305 
5307 
5308 
5308 
5309 
5311 
5313 
5313 
5314 
5314 
5314 
5315 
5316 
5316 
5317 
5318 
5320 
5321 
5322 
5323 
5327 
5330 
5331 
5332 
5333 
5333 
5334 
5335 
5335 
5336 
5337 
5338 
5338 
5341 
5342 
5343 
5344 
5345 
5345 
5345 
5345 
5345 
5346 
5350 
5351 
5353 
5353 
5354 
5354 
5355 
5355 
5357 
5358 
5362 
5364 
5364 
5365 
5366 
5367 
5368 
5369 
5369 
5370 
5372 
5372 
5376 
5376 
5377 
5379 
5380 
5382 
5382 
5382 
5383 
5385 
5387 
5387 
5388 
5389 
5389 
5390 
5390 
5390 
5391 
5392 
5394 
5395 
5396 
5396 
5397 
5398 
5399 
5400 
5401 
5401 
5402 
5403 
5403 
5404 
5407 
5408 
5409 
5411 
5412 
5413 
5415 
5415 
5417 
5417 
5419 
5419 
5419 
5420 
5420 
5420 
5421 
5421 
5422 
5422 
5422 
5422 
5423 
5424 
5424 
5425 
5425 
5426 
5432 
5432 
5433 
5435 
5437 
5438 
5438 
5439 
5442 
5442 
5442 
5442 
5443 
5446 
5446 
5448 
5448 
5451 
5452 
5452 
5452 
5453 
5453 
5454 
5454 
5455 
5455 
5457 
5458 
5459 
5464 
5467 
5468 
5470 
5470 
5470 
5471 
5475 
5477 
5478 
5478 
5478 
5479 
5479 
5481 
5481 
5481 
5482 
5484 
5484 
5484 
5485 
5486 
5487 
5487 
5490 
5490 
5491 
5491 
5491 
5493 
5493 
5494 
5495 
5496 
5497 
5500 
5500 
5504 
5504 
5506 
5507 
5507 
5508 
5508 
5509 
5510 
5510 
5512 
5512 
5513 
5516 
5517 
5519 
5520 
5520 
5521 
5522 
5522 
5522 
5523 
5523 
5523 
5524 
5524 
5524 
5525 
5525 
5525 
5526 
5528 
5529 
5529 
5530 
5531 
5534 
5534 
5535 
5536 
5537 
5537 
5539 
5540 
5540 
5540 
5541 
5541 
5542 
5543 
5543 
5544 
5545 
5545 
5547 
5547 
5547 
5547 
5548 
5549 
5549 
5555 
5556 
5556 
5557 
5557 
5561 
5561 
5561 
5562 
5563 
5564 
5564 
5564 
5566 
5567 
5568 
5570 
5570 
5571 
5571 
5571 
5574 
5575 
5577 
5578 
5578 
5579 
5580 
5583 
5583 
5585 
5586 
5586 
5586 
5587 
5587 
5588 
5589 
5589 
5590 
5591 
5591 
5595 
5595 
5599 
5601 
5602 
5603 
5607 
5607 
5608 
5609 
5610 
5611 
5611 
5612 
5612 
5612 
5612 
5614 
5615 
5618 
5618 
5618 
5618 
5621 
5621 
5623 
5623 
5624 
5624 
5625 
5626 
5626 
5628 
5628 
5630 
5631 
5632 
5632 
5633 
5633 
5635 
5637 
5637 
5637 
5638 
5640 
5641 
5641 
5641 
5642 
5644 
5645 
5645 
5648 
5652 
5652 
5654 
5654 
5657 
5658 
5659 
5659 
5663 
5663 
5665 
5666 
5667 
5667 
5669 
5670 
5673 
5673 
5675 
5677 
5677 
5678 
5679 
5680 
5680 
5681 
5682 
5682 
5682 
5682 
5684 
5685 
5686 
5686 
5686 
5687 
5687 
5688 
5693 
5695 
5697 
5698 
5700 
5701 
5701 
5701 
5703 
5705 
5705 
5706 
5706 
5709 
5710 
5712 
5712 
5713 
5714 
5714 
5715 
5715 
5717 
5720 
5721 
5721 
5724 
5724 
5731 
5731 
5732 
5732 
5734 
5734 
5735 
5737 
5737 
5739 
5739 
5739 
5739 
5742 
5742 
5742 
5742 
5742 
5744 
5745 
5748 
5749 
5750 
5750 
5750 
5751 
5754 
5757 
5758 
5758 
5760 
5761 
5761 
5761 
5762 
5763 
5766 
5770 
5771 
5771 
5772 
5774 
5775 
5775 
5776 
5776 
5778 
5778 
5779 
5781 
5781 
5781 
5782 
5785 
5786 
5787 
5789 
5791 
5791 
5791 
5792 
5793 
5793 
5794 
5795 
5797 
5797 
5798 
5798 
5798 
5798 
5800 
5801 
5802 
5803 
5805 
5806 
5806 
5806 
5807 
5808 
5808 
5808 
5808 
5810 
5811 
5811 
5812 
5814 
5815 
5815 
5815 
5815 
5816 
5816 
5817 
5817 
5818 
5818 
5818 
5819 
5820 
5821 
5821 
5821 
5822 
5823 
5824 
5827 
5829 
5830 
5832 
5834 
5835 
5835 
5835 
5836 
5837 
5837 
5837 
5843 
5844 
5844 
5845 
5850 
5852 
5853 
5853 
5855 
5856 
5857 
5858 
5858 
5858 
5858 
5858 
5859 
5862 
5863 
5864 
5865 
5866 
5866 
5867 
5868 
5870 
5871 
5873 
5873 
5873 
5874 
5875 
5875 
5877 
5879 
5880 
5880 
5882 
5883 
5883 
5884 
5886 
5886 
5888 
5888 
5889 
5889 
5889 
5889 
5889 
5890 
5895 
5895 
5896 
5896 
5898 
5898 
5899 
5900 
5906 
5907 
5907 
5908 
5909 
5909 
5909 
5912 
5912 
5915 
5917 
5917 
5918 
5918 
5921 
5922 
5923 
5923 
5927 
5928 
5929 
5930 
5932 
5933 
5933 
5936 
5937 
5938 
5939 
5941 
5942 
5942 
5943 
5944 
5945 
5946 
5947 
5948 
5948 
5949 
5949 
5949 
5950 
5952 
5952 
5952 
5954 
5955 
5957 
5957 
5957 
5958 
5959 
5960 
5961 
5963 
5964 
5964 
5965 
5966 
5966 
5967 
5969 
5969 
5970 
5970 
5971 
5972 
5972 
5972 
5974 
5975 
5976 
5978 
5980 
5981 
5981 
5981 
5982 
5983 
5983 
5983 
5983 
5983 
5984 
5985 
5985 
5986 
5986 
5987 
5987 
5988 
5988 
5988 
5989 
5992 
5993 
5993 
5994 
5995 
5997 
5998 
5999 
5999 
6000 
6000 
6002 
6003 
6004 
6006 
6007 
6007 
6008 
6009 
6011 
6012 
6013 
6015 
6016 
6016 
6017 
6017 
6018 
6018 
6020 
6021 
6023 
6024 
6025 
6026 
6029 
6030 
6032 
6033 
6034 
6035 
6036 
6036 
6036 
6039 
6040 
6041 
6042 
6042 
6043 
6044 
6047 
6047 
6047 
6047 
6047 
6049 
6051 
6052 
6052 
6053 
6055 
6056 
6057 
6058 
6059 
6059 
6063 
6064 
6064 
6065 
6067 
6068 
6070 
6071 
6076 
6076 
6079 
6079 
6080 
6081 
6081 
6082 
6084 
6084 
6086 
6090 
6092 
6092 
6093 
6096 
6096 
6097 
6097 
6098 
6098 
6099 
6101 
6101 
6102 
6103 
6104 
6104 
6105 
6106 
6106 
6106 
6108 
6109 
6109 
6109 
6111 
6111 
6113 
6113 
6114 
6114 
6115 
6116 
6118 
6118 
6119 
6122 
6123 
6123 
6124 
6126 
6127 
6127 
6128 
6129 
6129 
6130 
6130 
6132 
6133 
6133 
6136 
6139 
6139 
6140 
6142 
6144 
6144 
6145 
6148 
6148 
6150 
6150 
6150 
6151 
6152 
6154 
6155 
6157 
6157 
6157 
6159 
6159 
6161 
6161 
6164 
6167 
6170 
6170 
6170 
6171 
6172 
6172 
6173 
6173 
6174 
6174 
6178 
6180 
6182 
6183 
6184 
6185 
6185 
6187 
6188 
6191 
6191 
6191 
6194 
6194 
6194 
6195 
6195 
6195 
6196 
6200 
6200 
6200 
6201 
6202 
6205 
6205 
6206 
6207 
6209 
6210 
6210 
6214 
6217 
6218 
6219 
6219 
6219 
6219 
6221 
6222 
6223 
6225 
6225 
6226 
6229 
6231 
6231 
6232 
6235 
6236 
6238 
6240 
6242 
6245 
6245 
6246 
6248 
6248 
6248 
6249 
6250 
6254 
6254 
6254 
6255 
6255 
6258 
6258 
6260 
6260 
6264 
6266 
6267 
6268 
6268 
6268 
6268 
6270 
6270 
6271 
6272 
6272 
6272 
6274 
6274 
6275 
6278 
6279 
6279 
6279 
6280 
6282 
6282 
6283 
6284 
6285 
6285 
6286 
6287 
6288 
6289 
6290 
6293 
6294 
6295 
6295 
6296 
6297 
6298 
6298 
6299 
6300 
6300 
6300 
6301 
6301 
6302 
6302 
6304 
6305 
6305 
6306 
6307 
6309 
6309 
6309 
6310 
6312 
6313 
6313 
6314 
6315 
6316 
6316 
6316 
6316 
6317 
6318 
6322 
6323 
6326 
6326 
6328 
6329 
6330 
6333 
6334 
6334 
6335 
6335 
6335 
6336 
6340 
6340 
6343 
6343 
6346 
6348 
6348 
6349 
6349 
6350 
6351 
6353 
6353 
6354 
6354 
6355 
6357 
6358 
6358 
6362 
6363 
6364 
6364 
6365 
6365 
6366 
6366 
6368 
6370 
6370 
6371 
6371 
6374 
6375 
6375 
6377 
6378 
6378 
6380 
6382 
6382 
6382 
6382 
6383 
6383 
6384 
6386 
6386 
6387 
6387 
6388 
6390 
6391 
6392 
6392 
6393 
6395 
6396 
6397 
6398 
6398 
6399 
6404 
6404 
6405 
6405 
6405 
6405 
6406 
6406 
6407 
6408 
6408 
6410 
6411 
6414 
6415 
6415 
6416 
6418 
6418 
6419 
6419 
6419 
6421 
6421 
6422 
6422 
6424 
6426 
6430 
6431 
6433 
6437 
6437 
6438 
6438 
6439 
6440 
6441 
6443 
6443 
6444 
6445 
6447 
6448 
6448 
6448 
6449 
6450 
6450 
6451 
6453 
6453 
6455 
6455 
6457 
6457 
6458 
6459 
6462 
6466 
6466 
6467 
6469 
6469 
6472 
6473 
6474 
6475 
6475 
6476 
6477 
6479 
6479 
6482 
6482 
6483 
6483 
6484 
6484 
6485 
6485 
6486 
6488 
6488 
6490 
6490 
6490 
6490 
6491 
6491 
6492 
6494 
6495 
6497 
6499 
6500 
6500 
6500 
6503 
6505 
6505 
6506 
6509 
6511 
6511 
6511 
6512 
6512 
6513 
6513 
6513 
6514 
6514 
6516 
6517 
6517 
6524 
6524 
6524 
6525 
6526 
6526 
6526 
6529 
6529 
6530 
6530 
6531 
6534 
6534 
6537 
6539 
6540 
6540 
6541 
6542 
6545 
6545 
6546 
6547 
6547 
6548 
6548 
6550 
6550 
6551 
6552 
6554 
6555 
6556 
6556 
6557 
6558 
6559 
6559 
6559 
6560 
6561 
6562 
6563 
6563 
6565 
6567 
6570 
6570 
6571 
6572 
6572 
6572 
6574 
6575 
6576 
6577 
6578 
6579 
6580 
6585 
6586 
6586 
6587 
6588 
6588 
6589 
6589 
6590 
6590 
6591 
6592 
6593 
6594 
6594 
6600 
6600 
6601 
6603 
6605 
6605 
6606 
6606 
6607 
6607 
6608 
6611 
6611 
6615 
6615 
6615 
6616 
6617 
6622 
6622 
6623 
6624 
6624 
6624 
6627 
6627 
6628 
6629 
6630 
6631 
6633 
6634 
6638 
6639 
6640 
6642 
6644 
6645 
6646 
6650 
6650 
6651 
6653 
6655 
6658 
6658 
6661 
6661 
6661 
6661 
6662 
6663 
6663 
6664 
6665 
6665 
6665 
6665 
6666 
6666 
6667 
6669 
6671 
6671 
6671 
6671 
6673 
6674 
6675 
6676 
6676 
6676 
6678 
6678 
6679 
6680 
6680 
6680 
6681 
6683 
6685 
6687 
6688 
6688 
6688 
6690 
6691 
6691 
6693 
6694 
6695 
6695 
6696 
6696 
6698 
6700 
6702 
6703 
6703 
6704 
6707 
6709 
6709 
6709 
6710 
6712 
6715 
6716 
6716 
6717 
6717 
6720 
6720 
6721 
6721 
6722 
6723 
6724 
6725 
6727 
6727 
6728 
6729 
6731 
6731 
6732 
6733 
6733 
6733 
6734 
6734 
6736 
6741 
6742 
6742 
6745 
6747 
6747 
6747 
6748 
6748 
6748 
6752 
6752 
6754 
6756 
6757 
6757 
6758 
6758 
6761 
6762 
6763 
6763 
6763 
6763 
6764 
6764 
6766 
6766 
6766 
6768 
6769 
6770 
6772 
6772 
6774 
6774 
6776 
6776 
6777 
6777 
6778 
6778 
6779 
6780 
6781 
6781 
6781 
6782 
6782 
6782 
6784 
6785 
6785 
6785 
6787 
6787 
6788 
6788 
6791 
6792 
6793 
6794 
6794 
6794 
6795 
6799 
6800 
6801 
6803 
6805 
6806 
6807 
6810 
6811 
6813 
6814 
6814 
6815 
6815 
6817 
6817 
6819 
6821 
6823 
6823 
6824 
6824 
6826 
6828 
6828 
6829 
6829 
6829 
6829 
6829 
6830 
6831 
6831 
6832 
6833 
6833 
6834 
6835 
6835 
6837 
6838 
6838 
6839 
6840 
6840 
6841 
6842 
6842 
6843 
6843 
6843 
6844 
6845 
6845 
6845 
6848 
6849 
6850 
6850 
6851 
6852 
6852 
6853 
6853 
6855 
6858 
6859 
6860 
6862 
6863 
6864 
6864 
6864 
6866 
6866 
6867 
6867 
6869 
6869 
6871 
6872 
6873 
6873 
6874 
6875 
6876 
6877 
6878 
6879 
6879 
6879 
6879 
6880 
6882 
6882 
6883 
6883 
6883 
6885 
6885 
6885 
6886 
6886 
6888 
6889 
6890 
6890 
6891 
6891 
6891 
6892 
6892 
6894 
6895 
6895 
6898 
6900 
6900 
6901 
6903 
6905 
6905 
6906 
6906 
6907 
6907 
6909 
6910 
6911 
6912 
6913 
6913 
6913 
6915 
6919 
6920 
6923 
6924 
6926 
6926 
6926 
6926 
6927 
6927 
6928 
6930 
6930 
6931 
6932 
6933 
6933 
6935 
6937 
6938 
6941 
6942 
6942 
6944 
6945 
6947 
6947 
6947 
6947 
6948 
6949 
6949 
6951 
6951 
6952 
6954 
6956 
6956 
6956 
6960 
6961 
6961 
6961 
6963 
6965 
6965 
6970 
6971 
6973 
6973 
6973 
6974 
6975 
6976 
6976 
6976 
6980 
6980 
6980 
6980 
6981 
6981 
6984 
6985 
6986 
6989 
6989 
6990 
6990 
6990 
6990 
6991 
6992 
6993 
6995 
6997 
6999 
7000 
7000 
7003 
7003 
7004 
7005 
7007 
7007 
7007 
7007 
7008 
7008 
7009 
7012 
7014 
7015 
7018 
7019 
7019 
7020 
7020 
7020 
7021 
7022 
7022 
7026 
7027 
7027 
7028 
7028 
7029 
7030 
7034 
7038 
7039 
7039 
7040 
7043 
7045 
7046 
7046 
7046 
7047 
7048 
7049 
7049 
7053 
7053 
7054 
7055 
7057 
7057 
7057 
7058 
7059 
7059 
7060 
7061 
7061 
7062 
7062 
7063 
7067 
7070 
7071 
7071 
7073 
7075 
7079 
7080 
7081 
7081 
7082 
7085 
7089 
7090 
7094 
7096 
7096 
7097 
7097 
7097 
7097 
7097 
7098 
7098 
7099 
7099 
7100 
7101 
7103 
7103 
7107 
7108 
7109 
7110 
7110 
7110 
7110 
7111 
7112 
7112 
7114 
7114 
7114 
7116 
7118 
7119 
7119 
7121 
7122 
7122 
7123 
7123 
7124 
7126 
7127 
7127 
7129 
7130 
7131 
7133 
7137 
7138 
7140 
7141 
7141 
7141 
7142 
7142 
7144 
7144 
7145 
7145 
7145 
7146 
7147 
7149 
7150 
7151 
7152 
7152 
7152 
7152 
7153 
7154 
7155 
7157 
7160 
7160 
7164 
7167 
7169 
7169 
7169 
7169 
7169 
7171 
7171 
7172 
7173 
7176 
7177 
7177 
7180 
7181 
7182 
7183 
7183 
7184 
7184 
7184 
7185 
7185 
7188 
7189 
7192 
7193 
7193 
7194 
7195 
7195 
7196 
7199 
7200 
7201 
7201 
7202 
7203 
7208 
7210 
7210 
7212 
7212 
7213 
7213 
7214 
7214 
7214 
7215 
7219 
7221 
7221 
7222 
7224 
7231 
7232 
7232 
7234 
7234 
7235 
7235 
7238 
7238 
7239 
7240 
7242 
7243 
7244 
7244 
7245 
7245 
7245 
7245 
7245 
7248 
7248 
7249 
7251 
7252 
7252 
7252 
7254 
7254 
7254 
7255 
7257 
7258 
7258 
7259 
7259 
7260 
7260 
7260 
7262 
7262 
7264 
7264 
7264 
7266 
7266 
7266 
7266 
7267 
7268 
7269 
7269 
7269 
7271 
7271 
7271 
7273 
7275 
7275 
7276 
7276 
7283 
7284 
7285 
7285 
7285 
7285 
7286 
7287 
7287 
7288 
7289 
7290 
7290 
7291 
7291 
7292 
7292 
7293 
7293 
7294 
7294 
7295 
7296 
7296 
7296 
7297 
7299 
7299 
7301 
7301 
7303 
7303 
7304 
7304 
7304 
7305 
7307 
7308 
7309 
7312 
7314 
7314 
7315 
7317 
7317 
7318 
7319 
7320 
7323 
7324 
7324 
7324 
7325 
7325 
7326 
7328 
7329 
7331 
7331 
7331 
7332 
7333 
7333 
7333 
7334 
7334 
7334 
7335 
7335 
7336 
7336 
7336 
7336 
7336 
7337 
7339 
7340 
7343 
7345 
7345 
7345 
7348 
7350 
7351 
7354 
7354 
7355 
7355 
7355 
7355 
7355 
7356 
7357 
7357 
7358 
7359 
7359 
7360 
7361 
7361 
7362 
7362 
7362 
7363 
7363 
7366 
7367 
7367 
7369 
7369 
7370 
7370 
7371 
7371 
7373 
7373 
7374 
7374 
7376 
7376 
7377 
7380 
7381 
7381 
7382 
7382 
7383 
7385 
7386 
7388 
7388 
7389 
7389 
7390 
7390 
7390 
7390 
7391 
7391 
7392 
7393 
7394 
7394 
7395 
7395 
7395 
7396 
7397 
7398 
7399 
7401 
7402 
7402 
7403 
7403 
7405 
7407 
7407 
7407 
7407 
7408 
7410 
7410 
7410 
7410 
7412 
7413 
7414 
7418 
7419 
7420 
7421 
7421 
7422 
7422 
7423 
7424 
7425 
7425 
7425 
7428 
7430 
7431 
7434 
7435 
7436 
7437 
7437 
7438 
7438 
7439 
7440 
7441 
7443 
7443 
7445 
7446 
7446 
7448 
7450 
7450 
7450 
7452 
7454 
7455 
7459 
7459 
7459 
7461 
7463 
7466 
7468 
7468 
7469 
7469 
7469 
7469 
7471 
7473 
7475 
7476 
7477 
7479 
7480 
7481 
7482 
7483 
7485 
7486 
7486 
7487 
7490 
7491 
7493 
7493 
7493 
7495 
7496 
7497 
7497 
7498 
7504 
7505 
7507 
7509 
7509 
7511 
7511 
7511 
7512 
7513 
7515 
7516 
7517 
7517 
7519 
7520 
7521 
7521 
7527 
7527 
7527 
7528 
7529 
7529 
7530 
7530 
7531 
7532 
7532 
7532 
7533 
7533 
7537 
7539 
7540 
7540 
7541 
7542 
7544 
7545 
7545 
7546 
7546 
7548 
7549 
7550 
7551 
7551 
7552 
7553 
7554 
7556 
7556 
7559 
7560 
7561 
7562 
7563 
7563 
7564 
7564 
7565 
7566 
7566 
7568 
7569 
7570 
7570 
7571 
7571 
7572 
7572 
7575 
7577 
7577 
7577 
7578 
7578 
7578 
7580 
7580 
7580 
7583 
7583 
7584 
7584 
7584 
7585 
7586 
7586 
7586 
7586 
7587 
7588 
7588 
7589 
7589 
7589 
7589 
7589 
7590 
7590 
7591 
7593 
7594 
7594 
7595 
7595 
7598 
7599 
7601 
7601 
7601 
7602 
7602 
7605 
7606 
7607 
7608 
7609 
7609 
7609 
7609 
7610 
7611 
7612 
7612 
7613 
7615 
7615 
7616 
7618 
7618 
7618 
7618 
7619 
7620 
7620 
7620 
7621 
7622 
7623 
7624 
7627 
7629 
7630 
7632 
7633 
7634 
7635 
7635 
7636 
7640 
7640 
7643 
7644 
7645 
7645 
7646 
7646 
7647 
7649 
7650 
7654 
7654 
7654 
7655 
7657 
7659 
7659 
7660 
7662 
7662 
7666 
7666 
7667 
7667 
7668 
7668 
7670 
7672 
7673 
7676 
7676 
7677 
7677 
7677 
7677 
7677 
7678 
7680 
7681 
7682 
7682 
7682 
7683 
7684 
7685 
7686 
7686 
7686 
7686 
7688 
7690 
7691 
7692 
7692 
7694 
7695 
7697 
7697 
7697 
7698 
7702 
7703 
7703 
7704 
7704 
7707 
7708 
7708 
7708 
7708 
7709 
7711 
7711 
7712 
7712 
7713 
7714 
7714 
7716 
7717 
7719 
7719 
7720 
7721 
7721 
7721 
7723 
7726 
7733 
7733 
7734 
7734 
7736 
7737 
7737 
7738 
7738 
7744 
7744 
7745 
7748 
7749 
7751 
7751 
7751 
7751 
7754 
7754 
7754 
7757 
7760 
7760 
7761 
7761 
7762 
7763 
7763 
7765 
7766 
7766 
7766 
7767 
7769 
7770 
7773 
7774 
7774 
7774 
7775 
7775 
7776 
7776 
7777 
7777 
7778 
7779 
7780 
7781 
7783 
7783 
7784 
7785 
7787 
7787 
7788 
7788 
7789 
7789 
7790 
7793 
7793 
7794 
7795 
7796 
7799 
7800 
7800 
7801 
7801 
7801 
7802 
7802 
7803 
7804 
7804 
7806 
7807 
7807 
7807 
7808 
7809 
7809 
7809 
7811 
7811 
7811 
7811 
7813 
7813 
7814 
7815 
7816 
7818 
7819 
7820 
7820 
7820 
7821 
7821 
7822 
7823 
7823 
7823 
7824 
7825 
7825 
7825 
7826 
7826 
7827 
7828 
7828 
7830 
7833 
7834 
7835 
7837 
7838 
7840 
7840 
7841 
7842 
7842 
7847 
7850 
7851 
7852 
7854 
7857 
7858 
7858 
7859 
7860 
7861 
7862 
7864 
7866 
7868 
7868 
7868 
7869 
7869 
7870 
7870 
7870 
7872 
7874 
7874 
7874 
7874 
7876 
7876 
7877 
7877 
7878 
7880 
7882 
7883 
7883 
7887 
7889 
7889 
7890 
7890 
7890 
7892 
7893 
7893 
7894 
7895 
7895 
7895 
7896 
7896 
7896 
7898 
7898 
7902 
7906 
7906 
7907 
7907 
7907 
7910 
7913 
7916 
7917 
7917 
7919 
7919 
7919 
7920 
7922 
7923 
7924 
7926 
7926 
7926 
7927 
7929 
7930 
7930 
7930 
7932 
7934 
7934 
7934 
7935 
7935 
7937 
7939 
7940 
7943 
7945 
7946 
7949 
7950 
7951 
7952 
7955 
7957 
7959 
7959 
7960 
7960 
7960 
7961 
7961 
7962 
7963 
7965 
7966 
7967 
7969 
7970 
7970 
7971 
7971 
7975 
7978 
7979 
7980 
7982 
7983 
7983 
7984 
7984 
7984 
7985 
7986 
7986 
7987 
7987 
7988 
7992 
7992 
7993 
7994 
7994 
7994 
7995 
7995 
7995 
7995 
7996 
7997 
8004 
8005 
8005 
8006 
8008 
8009 
8010 
8010 
8010 
8011 
8012 
8013 
8016 
8021 
8023 
8024 
8027 
8027 
8027 
8029 
8031 
8031 
8033 
8035 
8037 
8038 
8038 
8039 
8040 
8040 
8041 
8042 
8042 
8045 
8045 
8046 
8047 
8047 
8048 
8049 
8049 
8050 
8053 
8055 
8057 
8059 
8061 
8061 
8061 
8061 
8061 
8061 
8062 
8063 
8063 
8064 
8065 
8066 
8067 
8067 
8068 
8069 
8069 
8070 
8071 
8071 
8071 
8072 
8072 
8075 
8075 
8076 
8077 
8078 
8079 
8080 
8081 
8083 
8083 
8083 
8083 
8084 
8084 
8085 
8085 
8086 
8086 
8087 
8088 
8088 
8090 
8091 
8091 
8092 
8092 
8093 
8094 
8094 
8096 
8099 
8100 
8102 
8102 
8103 
8103 
8104 
8105 
8106 
8107 
8108 
8108 
8108 
8108 
8109 
8111 
8112 
8113 
8113 
8118 
8119 
8120 
8120 
8121 
8122 
8123 
8124 
8125 
8125 
8126 
8128 
8129 
8129 
8129 
8129 
8129 
8129 
8129 
8132 
8132 
8133 
8136 
8137 
8138 
8138 
8139 
8139 
8141 
8142 
8143 
8144 
8146 
8147 
8147 
8147 
8150 
8150 
8150 
8151 
8151 
8152 
8152 
8154 
8154 
8155 
8156 
8156 
8158 
8158 
8160 
8160 
8160 
8161 
8163 
8166 
8167 
8168 
8169 
8171 
8172 
8176 
8176 
8176 
8177 
8179 
8182 
8182 
8183 
8183 
8184 
8186 
8186 
8188 
8189 
8189 
8190 
8191 
8197 
8197 
8198 
8199 
8199 
8200 
8202 
8204 
8205 
8206 
8206 
8206 
8208 
8208 
8210 
8211 
8212 
8214 
8215 
8217 
8219 
8221 
8222 
8223 
8223 
8223 
8223 
8224 
8226 
8227 
8227 
8228 
8228 
8228 
8229 
8230 
8233 
8233 
8234 
8234 
8234 
8236 
8237 
8240 
8240 
8240 
8240 
8241 
8243 
8244 
8244 
8244 
8245 
8245 
8248 
8248 
8249 
8250 
8250 
8251 
8251 
8252 
8252 
8253 
8254 
8256 
8257 
8257 
8257 
8257 
8258 
8258 
8261 
8262 
8264 
8264 
8265 
8266 
8266 
8268 
8268 
8268 
8269 
8269 
8272 
8274 
8275 
8276 
8276 
8276 
8279 
8282 
8283 
8287 
8289 
8291 
8292 
8292 
8292 
8293 
8294 
8295 
8296 
8297 
8298 
8299 
8299 
8299 
8300 
8301 
8301 
8304 
8304 
8305 
8308 
8309 
8310 
8310 
8311 
8313 
8316 
8316 
8317 
8317 
8322 
8322 
8323 
8324 
8324 
8324 
8324 
8325 
8325 
8326 
8326 
8326 
8327 
8331 
8333 
8333 
8334 
8335 
8335 
8335 
8335 
8340 
8342 
8342 
8343 
8343 
8345 
8349 
8352 
8352 
8353 
8353 
8353 
8354 
8355 
8355 
8356 
8356 
8358 
8358 
8360 
8361 
8361 
8363 
8363 
8364 
8364 
8366 
8368 
8369 
8369 
8369 
8370 
8370 
8371 
8372 
8373 
8373 
8373 
8374 
8375 
8375 
8375 
8376 
8377 
8378 
8378 
8379 
8380 
8381 
8381 
8383 
8384 
8384 
8386 
8387 
8387 
8389 
8390 
8393 
8394 
8396 
8397 
8397 
8397 
8398 
8398 
8398 
8399 
8403 
8404 
8404 
8405 
8408 
8408 
8408 
8408 
8409 
8409 
8410 
8411 
8411 
8412 
8416 
8417 
8417 
8417 
8417 
8418 
8420 
8421 
8421 
8421 
8423 
8423 
8426 
8428 
8428 
8430 
8432 
8433 
8435 
8435 
8435 
8437 
8438 
8439 
8439 
8439 
8439 
8439 
8440 
8442 
8443 
8443 
8444 
8445 
8446 
8449 
8449 
8451 
8452 
8452 
8455 
8455 
8456 
8459 
8459 
8461 
8462 
8463 
8465 
8467 
8468 
8468 
8468 
8468 
8468 
8470 
8471 
8471 
8472 
8474 
8475 
8476 
8476 
8477 
8479 
8479 
8480 
8480 
8481 
8485 
8486 
8487 
8487 
8488 
8489 
8491 
8491 
8494 
8495 
8495 
8496 
8497 
8498 
8500 
8500 
8502 
8505 
8507 
8508 
8508 
8510 
8512 
8513 
8513 
8513 
8514 
8514 
8516 
8516 
8518 
8518 
8520 
8520 
8521 
8521 
8524 
8525 
8525 
8526 
8526 
8526 
8529 
8530 
8530 
8530 
8530 
8532 
8533 
8534 
8536 
8537 
8538 
8538 
8538 
8538 
8539 
8539 
8539 
8540 
8540 
8541 
8542 
8546 
8547 
8548 
8549 
8550 
8551 
8551 
8551 
8552 
8552 
8553 
8553 
8554 
8555 
8557 
8558 
8559 
8559 
8560 
8561 
8561 
8563 
8563 
8563 
8564 
8565 
8565 
8568 
8569 
8569 
8570 
8573 
8573 
8575 
8576 
8576 
8577 
8578 
8580 
8583 
8583 
8584 
8585 
8585 
8586 
8588 
8588 
8589 
8593 
8593 
8595 
8595 
8596 
8596 
8598 
8601 
8601 
8601 
8602 
8604 
8605 
8606 
8607 
8609 
8609 
8611 
8613 
8615 
8615 
8615 
8616 
8617 
8619 
8620 
8620 
8620 
8621 
8622 
8622 
8623 
8624 
8627 
8628 
8628 
8630 
8630 
8630 
8630 
8631 
8631 
8632 
8635 
8635 
8636 
8636 
8637 
8639 
8643 
8643 
8646 
8649 
8649 
8650 
8651 
8651 
8653 
8655 
8655 
8656 
8658 
8658 
8660 
8660 
8660 
8660 
8661 
8662 
8663 
8665 
8668 
8669 
8670 
8673 
8674 
8675 
8676 
8678 
8680 
8684 
8686 
8687 
8687 
8687 
8689 
8689 
8689 
8693 
8693 
8694 
8695 
8696 
8697 
8698 
8699 
8700 
8700 
8702 
8702 
8702 
8703 
8705 
8706 
8707 
8711 
8711 
8712 
8712 
8714 
8716 
8717 
8718 
8719 
8720 
8721 
8721 
8722 
8723 
8723 
8725 
8730 
8730 
8733 
8736 
8736 
8737 
8739 
8739 
8739 
8740 
8744 
8746 
8748 
8748 
8749 
8751 
8751 
8751 
8752 
8753 
8754 
8755 
8758 
8759 
8759 
8760 
8761 
8762 
8764 
8765 
8768 
8768 
8769 
8769 
8771 
8771 
8772 
8772 
8772 
8773 
8773 
8774 
8774 
8775 
8775 
8775 
8776 
8776 
8778 
8779 
8781 
8782 
8783 
8783 
8785 
8785 
8789 
8789 
8791 
8793 
8793 
8794 
8794 
8794 
8795 
8795 
8796 
8796 
8798 
8799 
8800 
8801 
8803 
8804 
8804 
8804 
8805 
8805 
8806 
8808 
8810 
8811 
8814 
8814 
8815 
8818 
8819 
8820 
8821 
8823 
8826 
8827 
8828 
8829 
8829 
8830 
8831 
8832 
8833 
8836 
8836 
8837 
8839 
8840 
8843 
8844 
8844 
8845 
8847 
8847 
8849 
8850 
8851 
8854 
8854 
8855 
8855 
8856 
8856 
8858 
8859 
8862 
8862 
8864 
8865 
8866 
8867 
8868 
8868 
8870 
8872 
8872 
8873 
8874 
8876 
8877 
8880 
8880 
8881 
8883 
8883 
8885 
8886 
8888 
8889 
8889 
8891 
8893 
8894 
8895 
8895 
8896 
8898 
8899 
8899 
8899 
8900 
8902 
8902 
8903 
8903 
8903 
8904 
8904 
8904 
8905 
8905 
8905 
8906 
8906 
8908 
8909 
8910 
8911 
8911 
8912 
8913 
8913 
8915 
8917 
8920 
8920 
8921 
8921 
8922 
8925 
8925 
8926 
8927 
8928 
8929 
8930 
8930 
8930 
8932 
8934 
8934 
8935 
8935 
8937 
8938 
8939 
8939 
8940 
8941 
8942 
8945 
8946 
8948 
8948 
8950 
8951 
8951 
8953 
8957 
8957 
8958 
8958 
8961 
8961 
8961 
8962 
8963 
8965 
8965 
8967 
8967 
8968 
8971 
8972 
8974 
8974 
8974 
8976 
8976 
8976 
8977 
8978 
8980 
8981 
8982 
8982 
8984 
8985 
8987 
8987 
8988 
8991 
8992 
8992 
8993 
8993 
8994 
8996 
8996 
8998 
8999 
9000 
9000 
9001 
9001 
9002 
9002 
9002 
9002 
9003 
9003 
9004 
9005 
9007 
9010 
9011 
9011 
9011 
9012 
9013 
9014 
9014 
9015 
9015 
9015 
9017 
9018 
9019 
9020 
9022 
9023 
9025 
9026 
9027 
9027 
9028 
9029 
9029 
9031 
9032 
9034 
9034 
9036 
9038 
9039 
9040 
9040 
9041 
9041 
9041 
9042 
9042 
9042 
9044 
9047 
9048 
9048 
9048 
9049 
9049 
9050 
9050 
9050 
9056 
9056 
9058 
9059 
9059 
9060 
9060 
9061 
9063 
9064 
9065 
9065 
9066 
9069 
9071 
9073 
9074 
9074 
9078 
9078 
9079 
9080 
9081 
9082 
9083 
9084 
9086 
9087 
9088 
9089 
9090 
9090 
9090 
9093 
9098 
9099 
9099 
9100 
9100 
9101 
9102 
9103 
9103 
9105 
9105 
9105 
9105 
9105 
9106 
9106 
9108 
9108 
9109 
9109 
9110 
9110 
9112 
9112 
9113 
9113 
9113 
9115 
9116 
9116 
9117 
9119 
9119 
9119 
9120 
9120 
9121 
9121 
9121 
9123 
9124 
9126 
9130 
9132 
9132 
9132 
9133 
9133 
9137 
9137 
9138 
9138 
9139 
9141 
9142 
9142 
9143 
9144 
9145 
9147 
9149 
9150 
9150 
9150 
9152 
9155 
9156 
9157 
9157 
9158 
9159 
9159 
9161 
9162 
9162 
9163 
9165 
9167 
9167 
9168 
9168 
9169 
9171 
9172 
9173 
9173 
9174 
9175 
9175 
9175 
9177 
9177 
9179 
9180 
9181 
9181 
9182 
9183 
9183 
9186 
9187 
9188 
9189 
9190 
9190 
9191 
9191 
9191 
9191 
9191 
9193 
9193 
9193 
9194 
9194 
9197 
9202 
9202 
9203 
9203 
9206 
9208 
9208 
9209 
9210 
9211 
9211 
9213 
9214 
9216 
9218 
9218 
9218 
9219 
9219 
9220 
9220 
9220 
9220 
9223 
9225 
9225 
9225 
9226 
9227 
9228 
9229 
9229 
9229 
9232 
9233 
9235 
9236 
9236 
9237 
9237 
9238 
9238 
9238 
9238 
9240 
9241 
9241 
9242 
9242 
9242 
9243 
9243 
9245 
9247 
9248 
9248 
9248 
9249 
9249 
9250 
9251 
9251 
9251 
9252 
9253 
9254 
9254 
9255 
9255 
9256 
9256 
9257 
9257 
9257 
9259 
9259 
9261 
9262 
9262 
9263 
9263 
9263 
9263 
9264 
9264 
9265 
9265 
9265 
9265 
9269 
9269 
9269 
9271 
9273 
9273 
9277 
9278 
9279 
9280 
9281 
9281 
9281 
9282 
9282 
9283 
9284 
9284 
9285 
9285 
9286 
9292 
9293 
9293 
9294 
9294 
9294 
9295 
9295 
9298 
9299 
9299 
9301 
9302 
9303 
9303 
9304 
9304 
9304 
9306 
9306 
9307 
9308 
9308 
9309 
9309 
9310 
9311 
9312 
9314 
9314 
9316 
9317 
9318 
9319 
9322 
9322 
9323 
9325 
9325 
9326 
9329 
9329 
9330 
9331 
9333 
9334 
9336 
9337 
9337 
9337 
9337 
9339 
9339 
9340 
9340 
9341 
9341 
9342 
9343 
9344 
9345 
9346 
9346 
9347 
9348 
9348 
9350 
9350 
9351 
9353 
9353 
9354 
9354 
9355 
9355 
9356 
9356 
9357 
9359 
9362 
9364 
9366 
9366 
9367 
9368 
9370 
9372 
9373 
9374 
9377 
9379 
9381 
9383 
9383 
9387 
9392 
9393 
9395 
9395 
9397 
9398 
9399 
9399 
9399 
9400 
9401 
9401 
9402 
9403 
9405 
9407 
9409 
9409 
9410 
9410 
9412 
9413 
9416 
9416 
9416 
9417 
9417 
9419 
9419 
9419 
9419 
9420 
9420 
9420 
9420 
9423 
9425 
9426 
9427 
9427 
9427 
9428 
9428 
9428 
9429 
9432 
9433 
9434 
9439 
9440 
9440 
9441 
9441 
9441 
9441 
9441 
9441 
9443 
9443 
9443 
9444 
9446 
9446 
9448 
9450 
9450 
9451 
9455 
9459 
9460 
9463 
9464 
9465 
9466 
9466 
9467 
9469 
9469 
9470 
9471 
9473 
9474 
9474 
9475 
9476 
9476 
9476 
9479 
9479 
9479 
9480 
9480 
9481 
9482 
9483 
9483 
9484 
9486 
9490 
9491 
9493 
9493 
9495 
9496 
9496 
9496 
9497 
9498 
9498 
9500 
9501 
9502 
9502 
9503 
9504 
9504 
9506 
9506 
9506 
9507 
9509 
9509 
9512 
9512 
9512 
9513 
9514 
9514 
9514 
9515 
9516 
9517 
9517 
9519 
9519 
9521 
9523 
9523 
9524 
9524 
9524 
9525 
9525 
9526 
9529 
9529 
9533 
9533 
9534 
9535 
9535 
9535 
9536 
9538 
9538 
9540 
9541 
9541 
9541 
9541 
9543 
9547 
9547 
9547 
9549 
9549 
9550 
9551 
9552 
9553 
9554 
9557 
9558 
9559 
9560 
9562 
9563 
9563 
9563 
9563 
9564 
9564 
9565 
9566 
9566 
9567 
9568 
9570 
9571 
9574 
9575 
9575 
9578 
9579 
9579 
9581 
9581 
9582 
9586 
9588 
9588 
9590 
9592 
9593 
9595 
9595 
9596 
9597 
9598 
9598 
9599 
9603 
9603 
9605 
9607 
9607 
9607 
9613 
9614 
9614 
9615 
9617 
9618 
9619 
9619 
9620 
9621 
9621 
9622 
9623 
9625 
9626 
9633 
9634 
9634 
9635 
9635 
9636 
9636 
9637 
9639 
9640 
9643 
9643 
9644 
9644 
9645 
9646 
9646 
9648 
9648 
9648 
9649 
9649 
9651 
9651 
9651 
9654 
9655 
9656 
9656 
9656 
9658 
9661 
9661 
9662 
9664 
9667 
9667 
9667 
9668 
9668 
9669 
9669 
9671 
9671 
9671 
9672 
9673 
9674 
9674 
9675 
9676 
9678 
9679 
9679 
9680 
9680 
9681 
9682 
9682 
9682 
9685 
9686 
9687 
9690 
9690 
9693 
9696 
9696 
9699 
9699 
9700 
9700 
9700 
9703 
9703 
9704 
9705 
9705 
9706 
9708 
9708 
9709 
9711 
9713 
9713 
9714 
9714 
9715 
9716 
9717 
9718 
9721 
9723 
9724 
9725 
9725 
9725 
9728 
9730 
9731 
9733 
9734 
9735 
9735 
9737 
9737 
9737 
9740 
9740 
9740 
9741 
9742 
9742 
9742 
9744 
9744 
9744 
9744 
9745 
9745 
9747 
9747 
9748 
9751 
9751 
9752 
9752 
9754 
9754 
9754 
9754 
9756 
9758 
9761 
9763 
9763 
9763 
9763 
9765 
9766 
9767 
9770 
9772 
9774 
9775 
9776 
9778 
9779 
9779 
9780 
9782 
9783 
9785 
9786 
9787 
9787 
9788 
9788 
9791 
9792 
9794 
9796 
9797 
9797 
9798 
9800 
9800 
9800 
9801 
9801 
9801 
9802 
9802 
9802 
9804 
9804 
9804 
9806 
9808 
9809 
9812 
9812 
9813 
9814 
9814 
9815 
9815 
9816 
9817 
9818 
9818 
9818 
9820 
9820 
9820 
9820 
9821 
9823 
9824 
9825 
9825 
9825 
9825 
9826 
9826 
9826 
9827 
9829 
9829 
9829 
9831 
9832 
9832 
9834 
9834 
9834 
9834 
9834 
9835 
9836 
9839 
9839 
9840 
9841 
9841 
9842 
9842 
9843 
9844 
9845 
9846 
9849 
9849 
9850 
9850 
9852 
9852 
9853 
9853 
9853 
9854 
9857 
9857 
9857 
9860 
9861 
9861 
9862 
9862 
9862 
9863 
9866 
9868 
9869 
9869 
9869 
9870 
9870 
9871 
9871 
9872 
9873 
9874 
9874 
9876 
9876 
9877 
9877 
9879 
9880 
9880 
9880 
9882 
9883 
9883 
9883 
9884 
9884 
9887 
9889 
9889 
9889 
9891 
9897 
9899 
9900 
9900 
9901 
9901 
9901 
9901 
9902 
9902 
9905 
9906 
9906 
9907 
9907 
9909 
9909 
9909 
9911 
9911 
9913 
9914 
9915 
9916 
9917 
9917 
9918 
9921 
9922 
9922 
9924 
9925 
9925 
9925 
9926 
9933 
9933 
9936 
9937 
9939 
9940 
9941 
9944 
9947 
9949 
9953 
9955 
9955 
9957 
9958 
9958 
9959 
9961 
9962 
9962 
9964 
9964 
9964 
9965 
9965 
9966 
9966 
9966 
9968 
9970 
9971 
9972 
9973 
9973 
9977 
9977 
9977 
9978 
9979 
9980 
9981 
9981 
9982 
9982 
9982 
9983 
9983 
9984 
9985 
9986 
9986 
9988 
9991 
9991 
9991 
9992 
9992 
9993 
9999 
